17.24
18.190001
19.219999
20.110001
20.26
22.200001
22.440001
20.049999
24.639999
26.34
24.18
24.16
24.34
22.5
26.700001
24.719999
25.389999
25.629999
26.280001
26.440001
27.25
25.360001
24.870001
24.32
24.540001
24.690001
24.290001
23.77
23.690001
24.379999
23.76
22.049999
19.709999
20.780001
22.780001
23.889999
22.540001
23.690001
23.559999
22.690001
21.99
21.9
21.34
22.030001
20.549999
19.1
19.74
20.299999
20.07
21.049999
19.65
18.809999
17.620001
18.290001
19.059999
20.1
22.74
20.459999
19.59
21.01
19.77
18.459999
19.73
22.84
20.440001
22.030001
21.209999
21.76
22.299999
21.690001
17.73
19.799999
20.75
20.379999
22.67
22.459999
23.33
24.16
21.700001
20.860001
20.25
22.190001
19.52
18.43
19.32
17.809999
17.280001
17.65
18.49
18.639999
18.59
19.809999
20.139999
19.49
17.709999
17.27
17.200001
16.719999
17.84
17.18
17.700001
17.32
18.75
17.440001
17.370001
17.09
18.389999
18.969999
17.42
16.879999
17.58
16.34
16.6
17.379999
17.4
15.9
17.709999
15.23
15.27
14.72
19.360001
17.059999
16.290001
16
16.18
15.5
16.26
16.110001
17.25
16.41
16.66
16.92
16.68
17.059999
17.09
16.75
16.66
18.9
18.559999
15.63
23.68
21.790001
20.190001
20.26
21.120001
21.16
21.110001
21.639999
20.43
28.74
35.91
32.75
28.27
24.389999
25.75
25.74
24.18
23.309999
27.16
27.530001
26.459999
28.9
30.549999
36.470001
33.93
29.629999
29.120001
27.379999
29.889999
29.9
29.58
28.52
30.190001
28.73
29.34
28.379999
28.120001
29.33
30.559999
29.549999
28.82
27.879999
28.66
30.040001
30.559999
28.809999
28.190001
28.67
29.110001
28.059999
27.280001
27.9
27.51
27.85
28.040001
30.709999
31.190001
33.98
31.940001
31.639999
31.450001
31.370001
29.6
27.860001
27.27
27.57
28.280001
29.040001
30.75
31.540001
30.52
30.040001
30.25
30.030001
29.85
29.110001
30.870001
30.790001
26.959999
25.6
24.58
22.889999
22.57
21.34
20.950001
20.09
21.09
20.98
22.76
22.860001
22.959999
23.91
22.16
22.290001
22.030001
20.940001
22.620001
22.59
23.58
23.75
21.280001
23.049999
23.85
24.85
23.110001
23.08
23.129999
22.66
24.030001
24.18
24.809999
25.049999
26.379999
26.620001
27.93
27.190001
28.950001
30.379999
33.299999
31.33
32.630001
36.200001
36.16
33.200001
27.450001
25.389999
24.33
24.9
23.92
22.860001
22.200001
23.049999
23.17
21.370001
20.91
21.040001
21.860001
21.459999
22.68
23.6
23.379999
22.559999
22.26
20.860001
21.48
19.57
19.84
22.26
20.780001
21.01
22.860001
20.379999
21.26
21.23
21.23
20.860001
20.450001
20.549999
21.049999
20.809999
20.879999
18.82
16.09
14.94
14.9
15.79
16.110001
16.040001
16.860001
16.49
16.76
16.309999
16.549999
16.879999
17.42
17.4
17.610001
18.01
17.629999
17.41
20.120001
19.73
17.24
18.450001
16.5
15.82
15.47
16.26
15.68
16.780001
17.02
16.719999
17.15
17.27
18.27
18.24
17.77
17.52
17.24
17.92
17.459999
17.780001
17.17
17.540001
17.66
18
18.379999
17.24
16.639999
17.1
16.07
16.16
16.110001
15.23
15.67
15.9
16.02
15.93
16.870001
16.17
16.4
16.93
16.98
17.469999
17.32
17.719999
16.99
15.98
15.5
16.139999
17.440001
16.75
16.51
18.280001
17.85
17.98
17.870001
19.549999
18.639999
17.629999
19.469999
18.35
20.290001
19.76
19.190001
17.389999
18.290001
17.780001
17.49
17.52
15.77
15.5
16.9
16.58
16.41
15.74
15.45
15.67
15.47
15.18
15.47
15.26
15.92
15.54
15.56
15.98
15.45
15.26
14.73
15.09
15.19
16.01
21.190001
18.860001
15.62
14.59
14.41
14.81
15.46
15.31
14.82
14.46
16.57
17.18
17.309999
16.76
17.73
18.219999
17.959999
16.209999
17.879999
17.82
17.68
17.559999
17.559999
17.08
16.379999
16.040001
15.68
15.35
16.309999
15.85
14.81
15.81
17.040001
15.63
18.58
17.809999
18.540001
17.799999
17.6
16.709999
16.219999
14.85
16.32
15.87
16.66
16.549999
16.26
15.62
15.75
15.45
15.55
15.46
15.48
15.6
16.35
16.48
16.469999
15.97
15.43
14.89
14.04
13.95
13.96
21.18
18.280001
20.34
20.4
19.110001
21.200001
21.92
19.799999
19.84
20.26
20.18
19.700001
19.540001
20.190001
19.040001
19.74
19.889999
20.57
19.08
17.879999
17.620001
18.120001
17.780001
17.959999
17.65
16.610001
15.67
15.44
15.7
17.629999
19.309999
18.879999
17.040001
16.08
19.120001
17.299999
17.58
18.299999
18.01
16.16
17.309999
17.42
16.01
16.24
16.6
16.719999
15.4
15.65
16.15
16.99
16.049999
16.870001
14.12
17.01
16.84
17.98
18.639999
18.129999
18.549999
17.610001
17.370001
15.35
16.809999
17.379999
16.85
15.59
15.75
17.07
15.52
15.66
16.360001
15.34
16.879999
16.92
17.43
17.940001
18.139999
19.66
18.6
19.18
19.469999
17.98
18.440001
16.790001
16.610001
16.440001
16.58
16.73
16.18
16.08
16.1
15.46
15.9
15.98
16.43
16.110001
16.709999
16.59
16.559999
19.66
17.48
16.790001
16.93
15.88
15.15
14.83
15.7
15.74
15.86
15.83
15.53
16.379999
16.24
15.86
15.53
14.84
16.48
15.49
15.9
15.67
15.52
15.17
15.32
15.19
14.35
14.1
14.58
13.44
12.98
13.92
13.53
13.77
13.59
13.72
12.77
13.92
12.73
13.24
13.14
14.5
15.1
15.17
15.75
16.290001
14.71
14.72
14.82
15.74
17.639999
16.280001
14.64
14.17
14.12
13.85
14.13
13.21
13.19
12.98
12.68
14.27
14.03
14.17
14.05
13.56
12.47
13.29
12.31
11.78
12.4
12.62
12.17
11.36
13.24
12.25
13.34
11.5
12.21
12.98
12.55
13.2
13.11
12.41
12.34
13.17
13.83
15.09
13.51
13.44
14.66
13.83
13.84
13.91
14.13
13.4
15.21
14.87
14.05
12.88
12.52
12.66
11.85
12.57
10.69
12.75
13.36
13.01
12.59
11.96
12.51
11.53
13.52
13.61
12.8
12.96
13.53
13.71
13.42
13.54
15.11
14.87
13.96
15.03
15.32
19.370001
19.49
18.9
18.950001
19.67
19.48
16.15
15.58
16.91
15.47
16.43
15.74
16.620001
15.72
16.459999
16.309999
16.129999
15.81
15.39
15.57
16.57
15.96
16.17
15.35
14.65
14.06
14.27
13.99
14.32
14.03
14.64
14.44
14.18
14.14
13.44
12.89
12.46
12.48
11.52
11.38
12.76
11.99
11.84
11.54
11.7
10.29
10.93
12.26
11.01
12.36
12.37
12.15
11.86
10.64
11.2
10.36
11.27
11.3
12.11
11.72
12.14
11.75
12.91
12.92
11.86
12.65
13.61
12.43
11.74
12.15
11.93
11.25
11.49
11.62
11.85
11.69
11.22
11.26
10.98
11.44
11.9
12.42
12.18
12.22
11.79
11.69
12.49
12.2
13.43
13
12.63
12.32
13.35
15.57
14.32
15
14.34
14.6
14
12.95
13.12
13.07
12.49
12.93
12.5
12.98
14.95
13.78
13.85
13.92
14.91
14.63
13.05
14.4
14.17
13.11
13.65
12.69
12.06
12.04
10.66
12.27
12.23
12.19
12.7
13.99
14.06
13.72
13.58
12.16
11.52
11.48
11.61
10.71
10.74
11.39
11.75
12.02
11.45
12.92
13.99
13.93
11.28
12.8
11.25
12.79
12.1
11.96
12.58
12.87
13.25
13.35
12.87
14.18
14.02
14.1
14.08
13.76
13.31
13.67
14.09
13.73
12.88
13.09
13.12
13.64
13.18
13.47
12.86
12.63
14.27
13.75
13.29
12.71
12.18
11.93
11.87
11.54
11.73
12.23
11.39
11.14
12.24
11.11
11.07
11.27
10.86
10.47
11.26
12.56
12.95
11.19
10.19
9.11
10.27
10.04
10.45
10.05
11.09
10.95
11.91
11.11
10.86
11.22
11.31
10.64
11.15
10.34
11.43
10.8
10.81
11.66
12.01
11.91
11.9
12.04
12.15
12.17
11.77
11.52
11.38
11.38
11.24
12.11
11.7
11.73
11.54
11.65
11.23
11.77
11.3
11.76
10.75
11.79
12.24
12.54
11.29
11.66
12.67
12.47
12.73
11.3
13.42
14.52
13.73
13.21
12.35
12.31
11.84
11.9
12.54
11.76
12.75
12.52
12.38
12.44
11.6
12.04
12.01
10.6
11
10.44
11.18
11.31
11.2
10.6
10.75
11.67
10
11.64
11.72
10.8
11.77
11.49
11.53
13.13
14.56
14.19
13.16
12.99
13.02
12.99
13.78
14.97
15.17
14.56
14.53
15.77
13.86
13.19
13.29
13.39
13.48
12.92
13.51
12.67
12.78
12.3
12.46
11.51
12.15
9.65
10.64
10.92
10.59
11.03
10.73
10.05
9.28
9.17
8.89
9.7
10.03
10.2
10.52
11.28
11.81
10.37
10.34
10
10.28
11.26
11.56
12.05
11
11.72
11.31
11.62
11.16
10.9
11.23
10.94
11.07
10.21
9.59
10.01
10.51
10.37
10.63
10.21
13.86
12.49
12.75
12.69
14.2
13.88
13.4
12.98
12.59
13.8
13.52
11.81
14.78
14.58
13.86
12.54
16.08
15.82
15.63
12.2
16.07
14.35
16.08
13.89
16.52
13.78
14.49
12.76
13.2
14.3
12.75
11.58
12.22
12.88
14.9
13.65
17.110001
18.42
23.610001
18.129999
16.799999
16.879999
16.42
16.43
16.24
14.72
16.15
15.5
15.98
16.67
16.48
14.87
14.07
14.07
13.78
13.21
13.05
13.99
13.03
13.71
13.62
14.79
15.86
15.1
14.75
14.76
14.48
14.15
14.08
12.53
11.44
11.8
13.24
12.42
12.39
12.26
12.42
12.77
12.54
12.45
12.1
11.76
13.04
12.69
13.1
12.45
11.66
11.38
11.21
11.2
10.48
13.38
13.6
14.02
13.29
15.31
15.51
13.39
14.26
13.86
14.36
14.6
14.44
13.24
12.85
13.03
13.04
12.17
11.39
11
11.16
11
11.5
11.62
10.96
11.44
11.65
11.86
11.69
11.05
11.13
10.75
11.15
11.46
12.33
11.69
11.12
11.66
11.27
11.03
11.65
11.17
11.16
11.65
12.44
12.55
11.14
11.56
11.52
11.02
11.66
11.22
11.18
11.86
11.17
11.48
11.6
11.4
11.62
13.44
12.96
12.92
11.43
11.75
12.71
13.35
13.63
13.43
13.79
14.52
14.13
12.97
13.23
12.85
15.42
14.08
15
15.3
14.85
14.26
13.4
13.59
12.75
13.18
14.13
14.38
13.87
15.5
15.81
15.87
16.110001
15.53
15.2
14.56
14.2
14.61
14.41
14.32
14.87
16.82
15.54
15.83
15.67
14.99
16.68
14.75
15.56
14.99
15.61
15.28
16.02
18.27
17.23
16.83
15.65
15.53
15.42
16.1
15.69
15.66
16.17
16.120001
16.01
15.46
14.33
12.66
12.67
11.87
13.02
12.78
11.91
12.12
11.74
11.61
11.36
12.34
12.34
13.39
13.53
13.37
12.79
13.21
11.97
11.95
12.64
11.02
11.06
11.61
11.21
11.52
12
12.78
11.84
11.17
10.89
10.76
11.43
11.77
11.53
11.09
10.51
10.94
11
11.03
11.23
11.16
11.29
11.32
11.28
11.55
11.29
12.05
11.03
10.77
10.78
10.89
11.73
11.36
11.46
11.4
11.84
12.33
13.21
12.89
11.7
11.99
11.4
12.19
11.78
11.6
11.34
10.79
11.27
11.25
10.98
11.78
11.29
11.62
12.3
12.95
12.42
11.76
12.73
11.65
12.72
12.62
11.64
11.8
11.1
11.26
12.16
13.09
12.09
10.95
11.55
11.93
12.25
11.71
11.51
11.12
11.78
11.44
11.4
11.82
11.29
12.17
12.81
12.87
11.18
11.78
12.03
12.11
11.89
12.6
11.49
11.05
10.08
11.31
11.63
12.1
12.05
12.12
12.41
13.27
12.91
12.78
12.63
12.36
11.71
11.05
11.01
10.95
10.36
10.6
11.1
11.19
10.88
10.97
10.98
11.66
11.61
11.47
10.75
11.23
11.19
11.43
11.72
10.93
11.87
12.07
10.92
11.99
12.22
12.45
12.99
12.77
11.73
12.39
12.54
12.85
13.02
13.03
13.22
13.39
13.09
13.76
12.83
13.06
13.06
12.6
12.57
12.45
12.67
12.27
11.47
12.09
11.36
11.89
12.43
11.8
12.86
12.11
12.05
11.63
11.74
11.36
10.83
11.28
10.19
10.65
10.49
11.31
11.32
11.18
10.87
11
12.3
12.4
12.35
11.89
12.37
12.31
12.08
12.48
11.67
12.09
12.29
14.26
13.31
14.12
13.45
14.58
14.97
14.43
13.66
13.49
14.57
14.03
12.55
13.48
13.13
14.03
13.85
13.39
14.41
14.63
14.25
13.43
13.39
13.09
12.12
12.66
12.78
12.11
12.31
12.61
13.01
13.14
12.94
12.47
12.35
12.17
11.73
11.61
11.81
10.57
11.52
10.93
10.9
11.04
10.06
10.47
10.82
12.14
10.15
10.88
10.07
10.15
10.27
11.12
11.02
13.11
11.11
10.65
10.97
11.48
11.19
11.9
12.31
12.19
11.45
11.23
13.55
12.44
13.04
15.65
14.62
14.15
14.03
14.09
13.55
13.54
12.59
12.52
13.32
12.5
12.28
11.91
12.05
11.39
12.35
11.11
12.42
13.37
13.51
14.04
13.43
14.17
14.43
14.61
14.68
15.64
14.93
16.17
14.47
14
14.64
15.44
16.450001
15.36
16.370001
16.67
16.200001
16.1
16.030001
16.41
17.5
17.290001
18.219999
18.02
16.93
14.98
16.49
16.809999
18.280001
17.58
16.93
17.120001
17.66
17.309999
17.68
18.030001
17.879999
16.27
16.16
15.89
18.15
16.959999
17.52
19.23
17.309999
16.82
16.209999
16.360001
16.24
14.3
14.76
14.89
13.99
14.59
14.46
15.35
15.71
15.75
16.719999
15.56
16.719999
16.52
15.78
15.38
15.3
14.88
14.66
14.57
15.53
14.56
14.89
15.59
15.46
15.73
15.44
16.040001
16.75
16.01
15.5
16.58
16.120001
15.93
16.33
16.1
16.549999
16
16.35
16.799999
16.700001
17.110001
16.639999
17.18
16.73
14.53
15.75
15.39
14.95
14.15
13.55
13.75
13.92
13.8
14.92
15.93
15.43
15.51
15.76
16.790001
17.129999
19.48
19.120001
17.92
16.73
19.299999
19.280001
21.43
18.610001
17.35
18.440001
19.83
19.27
18.23
16.16
16.84
16.93
16.219999
15.97
15.25
15.45
15.71
15.84
15.29
14.57
15.22
14.73
14.51
13.22
13.67
14.7
14.54
14.84
15.43
16.09
18.27
18.549999
18.959999
16.84
16.290001
16.25
15.91
15.36
15.15
15.24
15.56
15.76
15.93
14.55
16.32
16.129999
15.82
15.7
16.040001
16.209999
16.799999
16.690001
16.48
14.78
14.96
15.02
15.62
15.92
14.96
14.63
14.82
15.59
14.99
15.02
15.25
16.24
16.200001
16.17
16.84
17.129999
18.09
18.17
17.82
17.26
18.030001
16.969999
16.049999
16.66
15.62
13.88
15.22
14.7
13.63
13.45
14.71
14.96
15.23
15.77
14.68
15.17
16.549999
16.860001
16.68
17.93
17.59
17.91
17.379999
18.440001
17.75
17.190001
18.610001
18.66
19.809999
20.73
20.4
18.940001
18.459999
16.83
18.99
18.68
18.190001
18.67
19.23
19.799999
21.1
19.040001
19.42
19.309999
18.6
19.870001
19.51
19.280001
18.83
19.139999
19.219999
18.6
18.41
17.799999
17.07
16.360001
18.35
19.76
19.41
20.219999
19.469999
19.469999
19.559999
19.43
19.5
20.040001
18.709999
19.65
19.969999
19.42
19.1
19
19.65
19.82
20.690001
20.49
19.84
19.9
19.4
20.41
20.76
20.879999
20.27
19.41
19.469999
19.209999
18.98
19.139999
18.709999
19.24
19.58
20.92
20.77
21.290001
21.02
17.440001
19.950001
19.139999
18.23
17.299999
21.209999
20.67
20.459999
20.620001
19.15
18.35
18.42
18.059999
18.620001
19.27
19.09
18
17.57
18.120001
18.129999
19.18
19.059999
19.82
20.15
20.879999
21.040001
19.459999
19.200001
19.870001
17.280001
18.370001
20.83
20.629999
20.35
20.01
20.07
20.530001
20.48
19.870001
18.58
21.26
19.129999
18.82
18.68
18.01
19.120001
19.219999
18.82
18.85
20.76
19.559999
19.879999
20.049999
18.92
19.360001
18.790001
18.85
18.200001
18.99
19.73
19.870001
20.26
19.91
19.799999
20.25
20.5
20.559999
21.4
20.860001
21.34
20.92
19.639999
17.82
18.440001
18.76
18.57
19.620001
18.719999
18.93
18.98
19.15
19.9
21.01
23.34
21.76
21.040001
20.91
20.48
20.57
21.809999
21.34
21.24
21.290001
21.92
20.639999
19.959999
19.33
21.030001
22.59
22.030001
23.52
23.110001
22.91
24.370001
22.610001
21.030001
21.33
24.67
23.629999
24.200001
24.18
23.790001
24.41
24.459999
24.41
24.75
23.950001
23.969999
23.530001
24.09
25.469999
24.940001
25.1
23.610001
23.690001
22.76
21.67
21.99
21.940001
21.43
22.459999
21.82
22.15
22.049999
22.27
22.26
20.75
21.59
20.27
20.389999
22.049999
19.75
19.780001
19.85
19.280001
19.49
20.09
20.67
19.48
19.559999
21.66
20.879999
24.77
30.690001
28.83
35.84
35.02
31.9
31.23
31.18
32.330002
34.77
35.040001
36.299999
35.73
36.43
33.540001
31.129999
31
29.84
27.17
26.42
28.58
28.889999
28.950001
27.030001
25.969999
25.51
23.459999
22.639999
20.41
22.879999
23.1
22.879999
26.559999
26.49
27.32
25.48
25.41
26.110001
29.110001
28.559999
28.209999
29.52
29.26
26.790001
24.35
23.59
23.42
23.02
24.870001
25.07
25.620001
25.690001
28.02
25.120001
23.620001
23.33
20.549999
21.65
22.379999
22.969999
22.700001
23.469999
22
21.530001
21.08
21.049999
21.23
20.67
20.309999
19.18
20.48
21.200001
20.360001
20.360001
19.66
19.73
20.23
19.66
19.719999
18.969999
18.969999
18.77
18.389999
18.530001
18.389999
18.799999
19.040001
19.27
20.26
19.129999
19.719999
19.389999
18.76
18.040001
17.58
18.459999
18.25
18.110001
17.700001
17.6
19.549999
19.870001
20.59
22.280001
22.41
24.18
23.41
23.290001
21.809999
21.459999
21.84
23.139999
22.719999
21.25
22.77
21.610001
20.780001
21.440001
20.690001
20.379999
19.639999
19.25
19.43
20.15
24.950001
23.690001
22.540001
20.51
19.299999
19.49
20.73
21.84
22.93
20.18
19.67
20.709999
20.219999
19.629999
19.33
20.799999
20.110001
19.549999
19.219999
18.6
19.629999
22.59
20.51
19.93
22.15
21.68
21.040001
21.110001
19.77
18.969999
20.34
20.42
21.870001
22.73
23.889999
24.799999
22.27
22.34
21.309999
21.59
20.139999
19.459999
19.360001
19.18
18.93
19.120001
18
17.629999
18.59
18.309999
17.52
17.780001
17.58
18.09
17.6
17.65
16.860001
16.1
16.809999
17.450001
20.16
20.309999
22.540001
23.129999
23.43
23.290001
22.66
22.110001
25.379999
25.57
28.73
28.059999
25.35
27.99
31.91
28.51
28.17
29.84
31.860001
28.360001
27.35
29.24
32.59
31.299999
28.49
30.440001
33.650002
38.400002
38.799999
36.080002
34.02
40.009998
40.580002
37.700001
37.560001
43.720001
43.740002
37.529999
36.43
35.720001
38.82
38.509998
38.389999
36.470001
32.439999
33.060001
33.91
33.52
35.740002
37.099998
41.849998
40.25
42.299999
39.720001
40.66
45.580002
41.849998
39.400002
39.959999
38.009998
32.41
33.619999
32.41
29.82
32.990002
31.32
31.690001
31.379999
30.74
31.969999
29.389999
27.540001
27.200001
26.6
26.5
26
25.6
26.889999
27.309999
27.25
27.93
28.93
28.780001
27.209999
27.129999
25.309999
22.43
21.24
22.1
22.08
21.98
22.790001
24.84
25.280001
25.129999
25.08
24.82
24.639999
25.49
25.73
27.290001
29.57
29.42
29.129999
27.940001
25.040001
23.09
22.75
20.08
20.66
22.91
22.110001
22.030001
23.67
24.74
24.360001
22.68
24.040001
22.809999
21.379999
25.549999
28.780001
30.200001
29.139999
28.799999
27.620001
29.23
31.1
31.129999
29.23
28.24
28.01
25.9
26.76
28.110001
27.620001
27.58
29.459999
29.530001
29.84
30.450001
27.42
27.85
28.73
29.16
30.32
28.610001
25.780001
25.92
25.219999
27.799999
27.629999
28.139999
27.49
28.82
26.42
24.08
24.48
24.25
24.610001
23.82
24.74
25.18
24.98
24.9
24.030001
23.389999
24.799999
25.84
26.59
24.33
23.83
23.450001
22.709999
22
22.059999
22.18
22.120001
22.1
22.01
21.549999
20.469999
22.01
23.07
23.91
23.6
22.93
24.790001
23.309999
22.4
22.370001
23.209999
23.02
23.450001
24.32
23.620001
24.110001
24.23
25.17
25.34
25.360001
25.73
25.33
26.059999
24.76
26.48
27.27
27.200001
25.08
24.049999
24.049999
24.84
26.870001
27.57
27.549999
25.34
26.6
25.99
25.66
23.43
23.66
23.42
23.629999
24.709999
24.690001
26.08
25.33
22.139999
21.77
21.75
21.77
20.76
21.309999
20.67
20.85
22.280001
22.49
20.799999
19.629999
18.66
19.639999
20.35
19.879999
17.9
19.299999
19.16
19.379999
18.620001
17.07
18.379999
19.959999
21.030001
21.73
22.360001
24.26
22.870001
22.57
23.5
23.290001
24.75
25.25
25.01
26.940001
25.98
27.09
27.610001
25.370001
24.08
22.27
22.91
21.67
22.719999
24.219999
22.950001
22.52
22.120001
20.83
20.120001
20.9
23.290001
23.74
22.93
24.25
20.870001
22.35
22.940001
23.01
21.67
22.700001
23.379999
22.75
25.07
23.139999
23.950001
24.200001
24.639999
24.02
27.76
26.059999
25.940001
24.860001
24.84
24.93
24.450001
24.33
21.99
22.32
20.370001
20.360001
21.540001
22.57
25.6
27.309999
28.15
24.85
23.870001
23.99
20.83
23.16
22.68
24.07
21.280001
20.299999
22.049999
21.290001
22.76
22.43
21.290001
21.719999
22.059999
21.98
22.02
21.639999
21.549999
20.73
20.549999
19.559999
18.639999
19.66
20.799999
20.1
20.219999
23.110001
22.860001
22.23
21.67
18.690001
20.209999
20.799999
20.620001
20.719999
21.030001
21.57
22.049999
21.83
21.139999
20.84
22.139999
22.09
22.139999
20.870001
22.85
22.860001
22.799999
23.15
24.450001
23.98
24.799999
25.85
24.700001
21.719999
21.360001
21.690001
22.41
21.32
19.51
20.969999
21.440001
21.18
20.5
21.43
22.870001
22.450001
22.030001
23.17
24.940001
23.290001
22.620001
21.93
20.690001
22.790001
21.17
21.290001
22.75
22.82
24.27
22.84
22.74
22.629999
23.370001
25.469999
23.559999
24.15
23.58
24.09
23.24
21.41
20.93
19.190001
20.33
22.24
23.48
22.200001
20.84
21.99
22.33
21.98
20.49
21.07
22.280001
21.27
21.219999
21.1
22.120001
24.1
24.469999
23.790001
23.790001
23.440001
24.030001
23.25
27.77
27.049999
23.58
24.969999
26.639999
27.040001
27.780001
30.09
28.469999
26.120001
26.27
25.77
27.25
25.200001
25.27
25.950001
25.610001
25.26
26.5
30
30.559999
27.440001
28.200001
28.16
28.9
27.76
25.610001
24.799999
24.09
23.74
23.290001
24.85
25.98
24.969999
24.190001
23.85
24.200001
23.6
23.23
22.32
21.299999
22.59
22.719999
22.34
22.77
21.99
22.129999
21.6
21
20.52
20.299999
20.34
20.700001
20.459999
21.43
22.02
22.450001
21.639999
19.99
19.629999
19.389999
19.83
20.559999
20.76
19.17
20.08
19.43
19.940001
19.76
19.209999
19.129999
19.33
19.190001
18.870001
18.77
19.17
19.35
19.48
19.26
19.33
20.540001
20.27
19.82
19.66
18.530001
18.91
18.75
18.74
18.83
18.34
17.84
17.860001
17.690001
17.389999
16.99
17.26
17.27
17.34
16.950001
16.49
16.280001
16.68
17.110001
16.639999
16.469999
19.16
19.700001
19.34
18.459999
18.309999
18.15
18.16
17.959999
18.01
18.780001
19.540001
19.92
20.01
20.74
20.66
21.1
21.389999
19.4
19.799999
20.799999
20.41
21.209999
20.65
20.43
23.629999
23.719999
26.09
26.950001
27.5
26.59
26.190001
28.17
24.85
23.02
24.27
23.6
25.01
26.43
26.469999
25.07
23.370001
23.91
23.639999
23.51
24.129999
24.73
24.870001
26.18
28
28.74
26.379999
25.85
24.67
24.469999
26.370001
26.52
26.870001
25.99
26.120001
26.780001
27.299999
28.43
27.08
27.65
24.969999
23.889999
24.91
22.379999
22.809999
23.969999
23.299999
23.4
25.43
26.43
25.41
29.43
29.219999
27.549999
28.370001
27.959999
26.530001
26.32
27.92
25.99
26.129999
27.209999
29.719999
27.77
26.700001
25.65
24.5
24.879999
24.280001
23.18
23
23.24
21.469999
21.870001
22.27
22.440001
22.559999
22.469999
21.98
21.610001
20.809999
22.18
21.42
21.440001
20.92
21.16
21.83
21.120001
21.52
20.219999
21.43
23.16
24.24
25.959999
26.940001
25.43
25.02
26.049999
28.08
26.82
27.08
25.58
24.120001
24.23
24.459999
27.74
27.549999
28.860001
28.25
28.559999
29.5
29.299999
30.26
32.349998
30.41
29.040001
27.030001
28.209999
28.16
28.299999
29.16
32.919998
33.209999
29.879999
30.219999
31.379999
29.33
28.4
26.120001
26.219999
25.33
23.01
24.120001
24.5
27.280001
27.23
27.25
25.620001
24.02
23.9
24.16
23.969999
25.43
23.879999
24.530001
24.440001
24.27
23.549999
23.139999
24.059999
23.34
21.17
21.32
21.17
20.74
21.09
21.58
20.549999
20.459999
21.93
22.25
22.33
21.52
21.33
19.469999
19.93
19.67
19.58
20.370001
20.43
20.700001
22.120001
22.440001
22.93
21.93
21.6
19.34
19.59
20.25
20.75
20.540001
19.52
18.83
18.74
18.92
19.700001
20.959999
22.299999
22.280001
23.59
22.09
21.02
21.58
22.459999
23.07
21.84
22.190001
22.51
24.16
23.92
22.98
21.93
22.48
20.790001
20.129999
19.690001
19.83
20.879999
20.73
20.719999
21.639999
20.370001
20.24
19.93
19.84
21.059999
21.91
22.870001
21.629999
22.34
21.85
19.700001
20.129999
20.9
21.84
23.16
24.41
24.190001
26.219999
27.23
28.92
31.84
39.77
38.869999
37.5
41.169998
42.66
37.200001
35.810001
34.490002
33.990002
31.74
32.290001
31.16
31.15
30.309999
32.639999
34.84
34.48
31.34
30.83
32.27
35.240002
32.849998
32.439999
34.849998
33.889999
32.169998
31.299999
30.799999
29.450001
28.110001
30.309999
33
32.27
32
30.459999
30.23
28.719999
28.110001
27.43
27.34
29.040001
26.34
26.26
25.530001
25.030001
24.459999
23.5
23.84
23
23.75
22.959999
24.290001
25.139999
23.6
25.52
24.08
22.58
23.35
23.18
24.58
24.219999
24.66
25.030001
24.23
23.959999
23.190001
22.26
22.48
22.379999
22.620001
22.01
21.59
21.120001
22.459999
22.709999
21.33
20.4
21.35
21.280001
20.66
21.780001
21.92
23.24
22.58
22.870001
22.129999
22.219999
22.76
21.68
20.74
20.74
21.110001
20.690001
23.219999
21.09
20.950001
22.690001
24.51
25.34
24.24
23.07
21.780001
21.440001
20.549999
21.32
21.540001
23.83
22.620001
21.9
22.75
21.42
21.35
20.82
20.709999
19.879999
20.35
20.24
19.549999
19.969999
19.27
19.559999
19.51
19.4
18.98
18.379999
18.74
18.09
18.33
18.139999
17.620001
18.040001
17.809999
17.549999
17.02
18.610001
19.120001
19.4
19.459999
18.780001
19.57
19.299999
18.17
18.559999
19.309999
19.469999
18.059999
17.9
17.82
17.73
19.34
19.200001
19.709999
20.860001
20.67
22.91
21.639999
19.91
19.91
20.049999
20.83
21.639999
20.209999
20.83
21.77
20.67
19.200001
18.5
18.48
17.700001
18.76
18.99
19.540001
18.190001
18.219999
20.07
19.73
20.42
19.43
20.620001
23.309999
22.459999
22.940001
22.98
23.049999
22.809999
23.85
23.969999
25.799999
24.6
24.059999
24.65
26
26.84
26.459999
25.49
28.41
26.290001
24.879999
25.629999
27.559999
28.76
25.68
27.879999
27.790001
30.77
33.849998
32.41
34.860001
35.200001
33.619999
33.450001
35.98
38.57
42.049999
39.830002
38.889999
35.509998
31.190001
30.6
32.029999
32.77
36.860001
41.77
40.279999
38.650002
36.189999
34.689999
36.830002
34.200001
32.349998
29.43
28.01
28.290001
29.18
28.07
27.610001
28.08
29.629999
29.530001
31.190001
33.209999
31.93
37.119999
37.049999
38.209999
35.990002
36.040001
35.080002
33.720001
36.099998
35.82
36.639999
35.790001
36.959999
38.919998
38.720001
39.259998
39.57
36.790001
34.599998
33.959999
38.889999
33.77
34.419998
36.110001
38.669998
41.040001
39.959999
41.209999
37.540001
35.200001
36.02
33.790001
34.91
33.93
33.34
33
33.610001
33.200001
32.529999
29.879999
30.309999
31.530001
30.790001
29.690001
28.620001
28.83
30.43
30.709999
30.76
29.1
30.41
29.75
30.5
28.65
26.440001
26.73
26.629999
25.059999
23.41
23.049999
23.620001
24.559999
23.969999
26.84
27.280001
27.469999
28.27
29.26
28.77
29.99
28.65
27.549999
27.23
27.559999
26.219999
25.9
27.290001
27.879999
26.59
25.870001
26.379999
26.16
27.52
29.469999
28.6
25.32
24.68
24.290001
24.91
25.07
24.02
24.15
24.68
24.379999
24.85
24.690001
25.200001
26.73
27.77
27.35
28.450001
32.970001
31.82
31.049999
30.66
30.610001
30.870001
32.700001
31.98
33.119999
33.189999
33.990002
32.720001
33.77
33.330002
32.419998
31.110001
31.129999
30.860001
30.16
31.459999
31.6
31.75
30.469999
29.059999
29.709999
30.98
30.379999
30.690001
30.84
33.080002
32.970001
33.32
31.67
30.450001
31.67
30.24
30.4
30.41
28.440001
30.33
28.75
27.889999
27.620001
27.58
28.57
28.18
27.450001
27.540001
28.35
27.68
26.860001
26.129999
25.51
24.309999
23.32
22.440001
21.950001
21.33
21.559999
20.26
20.68
20.309999
20.360001
20.65
20.459999
20.870001
21.32
20.629999
21.059999
20.4
20.940001
20.700001
19.66
19.389999
19.35
19.82
19.219999
18.24
19.450001
20.299999
21.209999
19.559999
19.139999
19.66
19.790001
19.66
19.440001
20.059999
20.700001
20.5
20.809999
20.16
22.120001
20.639999
20.1
20.389999
20.5
20.219999
19.780001
19.74
19.51
18.889999
20.16
20.24
20.48
19.4
18.870001
19.209999
19.290001
18.84
18.860001
19.84
19.370001
18.93
19.049999
18.26
18.700001
19.379999
19.66
19.799999
19.1
19.780001
19.1
18.6
17.879999
17.65
18.25
18.32
18.73
18.360001
20.059999
21.25
21.360001
21.48
20.09
19.48
19.51
17.75
18.049999
18.200001
18.15
18.01
17.790001
17.809999
17.639999
17.73
19.209999
19.450001
19.09
18.450001
18.52
18.950001
19.209999
18.700001
18.15
18.25
18.450001
19.26
19.190001
18.51
18.85
17.950001
17.98
17.559999
17.52
19.030001
19.309999
19.440001
21.040001
21.85
21.639999
22.030001
20.99
20.709999
18.950001
19.450001
19.4
19.08
18.26
18.42
17.42
17.200001
16.98
16.860001
16.969999
17.040001
16.190001
17.1
17.48
17.67
17.74
16.77
16.34
16.01
15.79
16.219999
16.450001
16.549999
16.620001
16.5
17.530001
17.5
16.549999
16.43
16.17
18.040001
17.780001
18.65
18.459999
18.82
17.190001
16.4
16.02
16.16
16.17
16.17
15.77
16.290001
16.5
16.52
16.559999
17.58
16.51
16.09
15.79
15.9
15.52
14.66
15.71
16.610001
16.290001
16.24
16.629999
17.07
17.200001
17.41
17.540001
17.440001
16.190001
15.5
15.32
15.57
16.790001
16.530001
16.4
15.49
14.9
15.09
14.24
14.01
14.56
14.52
14.74
15.29
16.790001
16.549999
16.67
17.17
17.459999
17.6
15.94
16.120001
15.84
15.26
15.23
14.86
15.32
15.3
15.2
15.82
16.25
15.77
14.93
14.69
13.8
14.4
14.18
14.47
14.19
13.83
14.54
15.56
16.110001
17.629999
18.059999
18.860001
19.860001
17.98
18.35
17.889999
20.610001
20.01
19.450001
17.610001
16.67
16.290001
16.129999
16.23
16.65
15.21
14.81
15.07
15.34
14.96
15
15.29
15.6
15.22
14.77
15.33
14.79
15.55
13.86
13.89
14.39
14.37
15.55
15.87
16.139999
16.610001
15.97
15.64
16.450001
16.440001
18.99
17.940001
18.139999
17.969999
18.059999
19.65
19.139999
17.58
18.549999
18
17.959999
15.73
15.78
15.19
15.39
16.190001
15.95
16.16
15.82
15.33
15
14.56
14.92
15.54
14.72
14.48
15
14.51
14.96
14.31
13.75
14.16
14.47
15.19
15.22
14.25
14.41
14.8
16.129999
15.59
15.5
15.71
14.61
14.28
13.34
13.6
13.95
14.86
13.98
13.91
15.29
15.82
16.98
16.299999
15.94
15.42
15.27
15.22
15.28
15.82
16.17
18.18
18.629999
17.25
17.84
18.360001
17.969999
17.42
16.16
16.129999
16.309999
15.78
15.79
15.33
14.81
14.76
14.67
15.3
15.28
14.72
14.18
13.79
14.03
13.88
13.7
13.69
13.16
13.5
13.68
14.27
13.93
13.98
13.38
13.95
14.61
14.08
14.55
13.69
13.2
13.2
12.6
12.99
13.51
13.24
13.32
13.78
14.28
14.91
13.92
15.22
14.72
14.64
14.32
14.8
14.28
14.31
16.02
15.97
15.66
15.36
14.96
16.18
15.21
13.79
12.95
13.23
13.68
12.89
12.79
12.64
13.04
13.25
13.2
12.77
12.96
12.77
12.94
12.57
12.56
12.59
12.93
13.07
12.77
12.72
12.4
12.93
12.96
13.18
12.77
12.68
12.13
12.21
12.23
11.96
11.87
11.77
11.37
11.37
11.14
11.53
11.97
11.61
12.18
12.42
13.25
13.93
13.26
13.33
12.94
12.94
13.05
12.54
12.37
12.29
12.3
12.41
13.28
13.4
14.17
13.88
13.06
12.96
12.83
12.79
12.02
11.52
11.72
10.9
11.36
11.45
11.41
11.38
11.25
11.18
11.13
11.03
11.21
11.18
12.09
12.3
11.48
10.92
11.73
11.66
12.2
12.23
11.94
12.05
11.95
12.2
12.42
12.11
12.36
12.33
13.19
13.2
13.08
13.33
13.15
13.88
12.97
13.44
13.38
13.64
13.57
12.92
13.96
13.66
12.89
12.3
11.52
11.82
11.2
11.27
12.67
14.71
16.41
14.81
14.52
14.26
14.2
14.6
14.27
14.43
14.19
15.26
15.08
14.53
13.7
13.43
13.11
13.53
14.03
14.31
14.16
15.4
15.67
14.45
13.3
13.25
13.07
12.75
12.53
12.58
11.65
12.06
12.67
12.17
11.8
11.52
12.21
11.47
12.05
12.06
11.9
11.31
11.52
11.05
11.04
10.78
11.31
11.01
10.81
10.96
11.95
12.38
11.55
11.44
11.5
11.38
11.53
11.54
12.48
11.09
10.53
10.85
10.8
10.5
10.13
10.77
10.36
9.88
10.23
10.51
10.7
10.92
10.34
10.27
10.24
11.36
11.69
11.62
11.99
11.82
12.56
12.24
11.51
11.88
12.18
12.08
12.28
12.78
13.01
12.61
13.2
13.3
13
13.66
13.65
13.38
13.47
12.56
12.31
13.03
12.9
12.44
12.37
11.96
11.45
11.75
12.67
12.28
11.07
12.04
11.83
12.96
13.31
12.75
12.64
12.51
12.37
12.15
11.92
11.98
12.11
12.97
14.04
14.3
14.87
15.06
15.04
15.98
14.83
14.58
14.79
13.47
13.98
15.26
14.61
14.2
13.72
14.57
14.11
13.93
14.65
13.38
12.5
12.69
12.76
13.04
12.42
11.73
11.63
11.77
11.7
12.17
11.25
10.96
10.71
10.5
10.67
10.88
11.33
11.61
11.55
11.14
10.94
11.4
10.96
11.45
11.73
11.56
10.83
10.57
10.39
10.37
10.15
10.65
11
10.34
10.28
10.24
10.83
11.26
11.14
11.55
10.99
10.97
11.31
10.81
10.98
10.84
10.83
10.94
11.11
11.87
12.2
11.65
11.89
13.58
13.14
12.62
12.19
11.72
12.07
12.45
12.34
12.48
12.64
12.99
12.97
12.76
12.27
12.69
13.05
12.01
12.21
11.13
11.52
12.28
11.68
11.58
11.42
11.4
11.71
11.52
11.56
11.36
12.22
12.64
12.26
12.01
11.79
10.89
10.53
10.98
10.57
11.53
10.79
11.17
11.11
11.11
11.09
11.41
11.38
10.79
10.7
11.27
11.03
11.09
11.06
11.25
11.2
12.04
12.06
12.66
12.28
12.27
11.31
11.23
11.02
11.19
11.67
11.59
11.34
11.55
11.42
11.75
11.93
11.95
11.71
11.18
11.81
11.88
11.78
11.99
12.71
13.44
12.98
13.39
14.96
15.9
16.73
15.36
17.129999
15.31
14.26
15.39
16.41
14.48
13.92
14.97
16.65
16.07
17.879999
17.07
17.889999
20.27
21.450001
15.65
16.52
15.73
16.389999
14.88
15.56
14.94
15.49
15.27
15.78
12.93
12.74
12.77
13.86
13.25
13.43
13.67
13.1
13.26
15.17
17.280001
17.75
17.66
14.47
14.87
16.23
14.89
14.31
14.09
14.07
14.06
14.86
15.03
13.92
14.2
13.65
14.97
14.86
14.07
14.45
14.3
13.41
13.15
12.11
12.21
11.57
12.21
11.93
12.16
12.21
12.08
12.07
12.21
12.1
12.07
11.91
12.43
13.06
13.67
13.05
12.75
11.55
10.99
10.74
11.4
11.58
11.86
11.34
11.28
12.47
11.93
11.51
11.42
11.59
11.72
12.11
11.97
11.62
11.65
11.55
11.58
11.47
11.31
11.09
10.75
10.91
11.35
11.33
10.78
10.44
10.62
10.78
10.6
10.47
10.53
10.92
10.99
10.89
11.41
10.34
10.99
10.87
10.7
10.57
10.77
10.69
10.14
10.13
10.04
10.05
9.91
9.84
9.81
10.56
11.14
11.56
10.67
10.58
10.96
10.98
10.85
11.19
11.17
11.91
10.71
10.35
10.15
9.64
9.39
10.46
10.27
10.03
10.13
10.59
11.24
10.59
10.73
10.71
11.53
11.28
11.68
11.78
11.69
11.43
10.5
10.14
10.4
10.35
10.45
10.24
10.62
10.22
9.87
9.95
10.92
10.92
10.95
10.27
10.14
9.96
10.44
10.44
10.24
10.4
10.25
11.3
10.33
9.7
10.05
9.98
10.14
10.17
10.01
10.36
10.52
12.1
14.5
15.36
16.040001
18.129999
15.76
14.52
13.48
13.67
13.76
14.6
16.75
15.27
15.29
14.58
13.25
11.21
12.04
12.46
12.91
13.35
14.22
14.34
14.14
14.4
12.81
13.2
12.69
12.89
12.56
12.72
12.58
12.13
11.46
11.5
11.95
12.41
11.97
12.48
13.04
12.58
12.67
12.41
12.78
13.48
12.55
12.89
12.59
13.11
13.16
12.54
12.89
12.63
13.01
13.27
13.47
13.25
12.69
12.7
12.08
12.55
12.92
13.23
13.31
12.82
12.62
12.43
13.21
13.54
14.06
14.89
14.73
14.24
14.77
14.67
13.59
12.58
13.35
12.79
12.75
14.17
14.31
15.41
16.209999
15.44
14.98
14.62
15.31
14.85
15.17
14.67
15.03
15.83
16.639999
14.93
14.79
15.27
15.31
15.95
15.06
15.36
16.389999
17.48
17.379999
19.299999
19.6
20.860001
19.68
23.26
21.200001
21.09
22.440001
20.790001
19.33
23.84
26.91
25.48
25.309999
26.16
30.440001
25.23
25.799999
24.77
22.870001
22.049999
20.440001
21.959999
23.719999
23.440001
23.690001
22.469999
21.709999
23.799999
23.66
25.6
26.559999
25.190001
24.57
23.83
24.68
25.799999
20.27
19.17
19.549999
18.370001
18.32
18.440001
17.299999
16.950001
16.91
17.110001
17.6
18.309999
18.26
16.440001
17.32
16.09
16.389999
16.08
17.49
17.950001
19.73
18.280001
17.73
19.02
21.379999
20.129999
20.59
20.040001
19.48
19.540001
20.309999
18.299999
17.379999
22.559999
23.610001
21.24
22.75
25.32
26.209999
24.469999
23.82
23.07
25.98
25.120001
25.74
23.620001
24.549999
25.35
25.84
26.23
23.549999
23.35
22
23.4
23.32
21.870001
20.870001
20.290001
20.360001
19.77
20.49
22.41
22.26
23.42
22.41
21.299999
20.58
18.280001
18.48
18.6
19.15
19.440001
21.790001
22.4
22.110001
23.25
23.299999
22.629999
23.9
22.620001
23.219999
22.65
22.969999
22.85
23.870001
26.27
29.709999
28.469999
27.030001
25.93
27.57
26.549999
24.74
25.450001
24.02
24.85
27.200001
27.040001
26.780001
27.219999
27.32
25.25
24.57
23.98
24.450001
24.73
24.209999
23.74
23.620001
22.690001
21.639999
21.83
22.690001
23.540001
26.27
25.51
23.299999
25.040001
22.290001
27.92
26.35
24.9
25.65
26.02
31.1
25.58
25.16
25.799999
24.75
25.17
25.51
24.91
25.040001
25.35
22.52
22.389999
23
21.75
21.209999
22.360001
22.360001
21.629999
22.65
23.459999
22.719999
20.5
20.35
19.209999
20.15
20.469999
19.879999
19.209999
19.280001
19.370001
19.629999
19.690001
18.870001
17.969999
18.68
18.110001
18.42
18.620001
19.299999
16.92
17.76
16.74
16.25
16.299999
15.82
17.02
17.01
17.82
18.379999
19.42
19.01
17.540001
17.559999
17.83
18.889999
19.76
18.620001
18.629999
20.780001
22.309999
22.860001
21.91
21.040001
20.73
20.02
21.26
20.91
21.58
22.52
21.68
20.34
22.15
23.299999
23.27
23.639999
22.700001
24.440001
24.73
23.02
22.59
25.07
25.559999
26.9
27.01
24.870001
23.99
23.780001
23.040001
21.049999
20.73
21.309999
22.309999
22.91
21.959999
20.99
21.450001
22.35
22.940001
20.059999
19.75
20.23
20.110001
19.66
20.379999
20.799999
20.07
19.57
19.58
21.280001
20.389999
18.940001
18.639999
18.780001
20.48
19.530001
19.219999
19.43
20.469999
21.389999
21.91
22.969999
22.120001
22.58
23.799999
24.389999
24.799999
25.66
30.24
30.25
33.099998
27.950001
30.809999
32.630001
34.16
32.450001
32.82
36.919998
38.860001
39.389999
39.82
41.509998
45.119999
47.029999
51.900002
52.540001
65.629997
54.689999
46.349998
55.689999
66.510002
59.82
52.700001
50.91
60.049999
64.43
67.800003
65.900002
65.660004
62.720001
62.669998
56.73
53.630001
44.25
46.869999
55.599998
56.029999
54.630001
58.580002
61.52
58.66
59.75
65.099998
67.18
67.339996
72.760002
71.629997
61.810001
60.25
54.619999
50.5
60.360001
62.310001
60.18
60.209999
59.259998
57.349998
56.369999
53.790001
52.939999
54.259998
55.68
50.91
49.360001
44.5
41.290001
42.75
41.68
44.150002
42.919998
42.16
41.630001
37.959999
36.880001
38.299999
37.34
40.119999
42.560001
41.049999
41.939999
43.23
46.139999
49.139999
45.959999
49.27
46.150002
46.509998
46.43
44.290001
42.200001
38.09
41.119999
42.09
45.259998
42.43
41.389999
42.32
41.200001
43.040001
44.18
44.5
41.209999
40.73
46.959999
46
44.810001
47.080002
48.970001
44.279999
42.84
41.91
44.459999
48.349998
48.5
45.02
46.98
47.650002
48.400002
43.880001
42.360001
40.75
40.029999
42.360001
40.740002
38.98
38.790001
43.07
41.27
41.630001
40.810001
40.169998
40.360001
44.860001
42.27
42.259998
40.299999
39.639999
40.830002
40.360001
38.700001
36.529999
37.509998
36.880001
36.099998
34.880001
33.68
33.939999
36.950001
36.009998
37.009998
36.369999
37.970001
37.419998
35.369999
34.5
34.880001
34.310001
33.360001
32.43
31.91
31.190001
32.049999
31.57
32.560001
31.32
30.59
30
28.35
26.57
29.030001
30.57
30.379999
29.620001
31.1
28.85
28.450001
28.299999
29.620001
29.92
28.85
29.33
27.790001
26.9
26.809999
27.73
29.639999
30.07
30.639999
29.6
27.559999
30.299999
30.190001
28.790001
26.299999
25.76
25.290001
25.02
24.799999
26.219999
28.99
28.9
30.43
29.280001
28.82
25.42
24.99
23.83
24.51
23.879999
24.26
23.809999
23.24
23.209999
23
24.02
24.280001
25.41
24.85
24.93
25.559999
24.889999
24.860001
24.469999
23.98
24.76
24.98
25.110001
24.709999
24.26
24.27
26.08
26.139999
24.75
23.91
25.01
23.68
24.690001
24.43
24.280001
24.76
26
28.41
26.98
24.860001
25.26
24.23
22.82
22.48
23.32
23.07
22.780001
22.790001
23.139999
23.709999
23.059999
22.190001
23.440001
24.809999
24.85
24.540001
24.76
25.98
27.98
26.57
25.190001
24.57
23.9
22.99
22.67
22.74
21.549999
21.49
20.98
20.91
20.9
20.1
20.33
20.34
21.889999
24.030001
24.83
24.68
24.76
28.07
28.77
26.610001
25.41
24.059999
22.780001
22.780001
21.610001
22.91
23.219999
22.02
22.27
21.629999
21.629999
22.139999
20.9
20.35
20.049999
23.120001
24.190001
21.879999
21.01
20.610001
20.620001
21.6
22.84
22.540001
21.77
21.389999
20.57
20.91
20.459999
21.4
21.68
20.280001
19.540001
19.35
19.25
19.9
19.620001
19.93
19.889999
20.030001
19.34
18.77
18.700001
18.110001
16.860001
17.950001
17.559999
17.379999
17.629999
17.33
18.440001
18.27
22.27
24.610001
22.77
23.139999
22.690001
22.110001
22.58
21.08
21.33
22.629999
25.370001
25.48
24.780001
24.799999
23.870001
22.73
22.129999
21.700001
20.6
19.709999
19.59
20.059999
20.219999
20.059999
19.32
19.18
18.6
18.42
18.58
17.23
17.559999
17.51
17.43
18.059999
17.58
17.959999
17.42
16.52
16.309999
16.17
16.77
16.209999
16.83
16.620001
17.35
17.57
17.129999
17.290001
16.790001
17.02
16.08
16.16
16.299999
16.059999
15.23
15.81
15.55
15.68
16.110001
17.34
15.73
15.5
16.200001
16.120001
17.07
17.940001
20.860001
18.440001
18.41
19.610001
22.459999
23.75
24.43
31.709999
25.68
25.860001
24.98
24.299999
28.4
30.76
28.09
33.07
40.299999
38.950001
35.57
34.59
24.1
29.540001
29.530001
31.82
29.940001
29.120001
31.809999
34.43
33.360001
30.23
29.690001
28.6
26.98
25.68
25.34
25.049999
23.299999
22.870001
24.41
26.540001
27.530001
28.07
28.469999
31.219999
31.74
32.720001
29.35
27.959999
26.84
25.709999
24.370001
23.530001
23.120001
24.18
24.74
25.709999
25.120001
23.790001
23.59
23.719999
23.32
22.700001
21.860001
22.24
23.040001
23.35
21.74
21.98
22.16
22.07
21.719999
21.360001
22.17
24.959999
25.18
25.450001
25.379999
23.709999
23.4
24.26
25.49
24.620001
26.32
26.459999
25.860001
24.41
25.41
25.93
23.860001
23.15
21.24
22.77
22.92
22.139999
21.76
20.93
20.85
22.1
21.709999
21.629999
21.25
21.42
21.91
22.559999
21.709999
21.969999
22.4
22.719999
22.389999
22.459999
23.299999
21.709999
21.459999
21.280001
20.290001
18.799999
18.549999
17.9
19.4
19.02
18.879999
19.33
19.67
18.93
18.76
18.860001
20.219999
20.690001
20.18
20.860001
20.92
21.219999
19.540001
17.969999
17.92
18.209999
17.83
18.41
18.48
19.290001
19.139999
20.950001
21.219999
18.75
17.76
18.35
20.24
18.73
20.280001
21.379999
22.42
20.4
19.1
17.709999
17.950001
17.129999
17.690001
17.24
17.059999
16.68
17.219999
17.370001
16.879999
15.46
15.78
16.08
15.45
15.4
17.66
17.299999
17.02
17.459999
17.75
16.91
17.33
16.860001
16.790001
16.57
17.540001
16.6
16.17
16.139999
15.37
15.71
15.86
17.65
16.6
17.559999
17.59
16.59
15.81
15.92
17.1
17.4
17.280001
16.610001
15.89
15.84
14.86
15.86
16
15.55
15.22
16.27
15.84
15.88
15.54
18.379999
20.299999
20.809999
18.879999
18.139999
17.629999
19.620001
18.25
18.309999
18.950001
19.15
19.41
20.34
19.969999
20.92
23.309999
24.040001
25.440001
23.09
20.219999
19.969999
18.190001
17.870001
17.07
17.959999
18
17.25
17.41
16.440001
17.389999
16.5
16.5
16.49
16.51
16.219999
16.879999
16.200001
16.08
14.92
16.809999
15.69
14.3
14.4
15.5
15.07
15.13
14.27
14.49
15.07
16.129999
16.83
16.74
16.120001
17.040001
15.79
16.23
16.030001
15.98
16.610001
17.469999
16.030001
15.5
15.7
17.469999
17
16.700001
15.9
15.36
15.15
15.95
17.389999
17.120001
17.65
17.389999
17.719999
17.26
17.93
18.41
17.799999
19.030001
20.809999
20.35
19.99
17.719999
17.719999
19.219999
19.1
20.27
19.17
16.32
15.88
15.12
15.89
16.32
15.3
15.95
17.16
18.25
18.09
19.35
19.52
20.9
19.120001
18.610001
17.15
17.139999
18.73
19.559999
20.870001
21.200001
23.65
22.459999
22.65
22.76
24.309999
27.540001
35.290001
34.279999
37.34
37.5
34.009998
31.469999
31.68
30.809999
36.689999
39.990002
38.779999
35.830002
34.549999
34.049999
34.330002
32.209999
31.549999
30.16
30.76
32.700001
37
33.380001
32.790001
35.529999
38.580002
36.689999
33.400002
31.75
30.43
32.349998
31.450001
32.450001
39.330002
40.419998
39.02
35.32
36.650002
38.029999
39.880001
41.509998
40.02
37.509998
36.150002
35.189999
32.959999
32.619999
29.790001
30.48
28.08
30.120001
29.690001
31.91
34.16
31.32
28.84
30.32
29.629999
24.700001
24.440001
27.01
33.869999
32.549999
30.209999
30.139999
29.85
27.469999
30.98
32.119999
29.450001
31.129999
30.4
30.540001
32.889999
31.92
32.529999
31.280001
32.68
33.119999
29.469999
30.559999
27.030001
26.639999
25.290001
26
27.41
28.440001
29.02
26.290001
25.639999
23.27
25.76
23.879999
23.51
24.379999
22.540001
21.120001
20.34
20.719999
21.68
22.110001
22.65
22.65
22.540001
22.219999
21.34
20.58
21
20.049999
20.98
20.459999
20.91
20.690001
20.780001
19.450001
18.16
18.549999
18.629999
17.15
16.799999
18.26
19.379999
18.129999
17.99
17.98
16.1
16.110001
17.5
17.530001
18.07
19.02
17.92
18.950001
19.440001
19.219999
17.540001
17.65
17.74
16.639999
16.42
17.58
17.879999
17.530001
17.26
17.139999
18.02
20.299999
19.07
17.76
16.629999
15.23
13.99
14.39
14.58
13.66
14.54
15.11
14.19
15.56
14.69
14.26
14.14
15.4
15.39
14.67
15.02
15.56
16.309999
16.290001
17.93
18.620001
18.73
17.200001
17.85
18.6
17.58
17.700001
17.690001
16.969999
18.950001
18.09
16.82
15.75
15.83
16.92
16.01
16.780001
16.73
17.809999
18.41
17.950001
19.379999
18.77
18.620001
20.940001
20.76
20.83
21.870001
23.07
22.01
19.98
21.99
21.48
21.299999
20.99
22.66
22.780001
23.940001
25.719999
24.5
21.799999
20.74
20.290001
19.629999
22.09
22.66
21.549999
20.610001
18.24
17.360001
17.09
16.77
17.9
19.889999
19.42
19.379999
19.6
16.870001
16.66
16.27
17.18
16.950001
17.73
17.290001
17.84
17.75
16.360001
16.459999
16.09
15.69
15.45
15.97
18.34
18.370001
18.99
17.07
16.52
17.23
18.26
18.200001
17.559999
15.64
15.82
15.48
15.27
15.28
14.73
13.67
13.91
14.36
14.28
13.3
13.38
13.46
14.75
15
15.18
15.75
16.01
16.5
17.440001
16.559999
17.85
16.99
15.6
14.33
13.97
15.46
15.43
13.91
13.51
14.38
13.97
13.61
14.07
13.69
13.87
14.03
15.83
14.83
14.95
15.13
15.7
15.13
14.53
13.67
15.04
15.18
16.129999
15.31
14.96
15.23
14.5
14.9
14.68
14.9
16.620001
18.17
17.93
17.299999
17.52
17.559999
16.450001
16.049999
18.129999
17.190001
17.620001
17.959999
17.67
16.450001
16.120001
15.93
17.620001
16.41
15.1
15.06
14.77
15
15.47
15.01
15.47
15.02
14.89
15.76
16.379999
16.27
16.309999
15.73
15.96
15.42
15.41
15.71
16.610001
16.209999
15.46
16.040001
17.110001
17.76
17.84
18.610001
19.110001
19.940001
17.879999
14.6
14.24
13.64
13.71
13.62
13.22
13.33
13.22
13.41
13.33
13.2
13.16
12.29
12.43
12.3
12.4
12.5
13.29
13.04
13.6
14.04
12.72
13.8
13.39
13.34
13.43
12.89
12.91
12.63
12.67
12.64
12.24
12.08
12.32
14.67
14.16
13.57
16.75
14.42
14.16
15.14
14.01
13.24
13.17
13.03
12.49
11.5
11.74
11.79
11.05
11.21
12.57
12.92
12.3
12.62
13.19
12.39
12.69
12.97
12.54
13.26
12.76
12.62
13.89
13.86
13.19
12.75
12.32
12.15
11.99
12.66
13.91
14.98
16.32
14.87
14.04
13.46
13.36
13.13
13.49
13.36
13.51
13.87
13.58
12.77
12.66
12.49
12.62
12.78
12.54
12.49
12.54
12.78
12.79
12.26
12.84
12.89
13.05
13.87
13.99
13.56
14.59
14.27
14.36
16.15
15.82
16.57
16.6
14.96
15.1
16
16.43
16.370001
16.030001
16.33
16.459999
15.36
18.01
18.25
18.58
17.82
17.08
16.34
16.190001
16
15.88
16.200001
14.89
14.66
14.26
14.06
13.57
13.74
13.5
13.78
13.76
13.2
12.54
12.29
12.07
12.69
12.91
12.71
13.38
13.35
12.94
12.82
11.98
11.83
12.06
12.96
12.37
12.71
12.8
12.29
12.35
13.91
13.62
14.35
14.29
14.67
14.66
13.98
13.9
15.82
16.1
15.99
16.700001
16.110001
15.77
15.63
15.17
15.22
14.5
13.82
13.73
14.11
13.87
14.28
13.23
13.02
12.52
14.02
13.75
13.89
13.58
14.62
16.16
15.47
16.129999
16.629999
16.66
18.08
18.98
19.040001
16.290001
15.46
15.8
16.16
14.67
12.89
12.34
13.07
12.93
13.42
13.15
13.08
13.22
13.06
13.64
13.28
13.22
12.91
12.86
12.67
12.93
12.84
12.4
12.63
12.46
12.28
11.99
12.41
12.88
12.97
12.44
12.24
12.49
12.49
12.44
12.93
13.78
14.43
14.22
14.7
13.62
13.49
13.69
13.98
15.21
15.06
15.3
15.81
13.74
12.89
13.12
13.02
12.48
11.69
12.2
12.83
13.38
14
13.57
13.22
12.16
12.86
12.83
12.14
11.82
11.96
11.81
12.28
12.04
12.61
12.55
13.67
14.92
16.85
15.8
16.709999
15.96
17.27
18.34
18.440001
19.129999
17.09
15.09
15.1
14.08
14.02
13.98
13.44
13.77
14.12
14.59
14.19
13.97
13.66
13.73
13.92
13.49
15.38
14
13.81
13.73
13.51
14.2
13.84
14.43
14.24
16.09
15.37
14.16
13.89
14.5
13.77
14.56
13.96
13.46
14.49
13.73
13.57
13.06
12.92
13.02
12.6
14.57
14.81
13.7
13.81
15.89
16.1
15.47
14.05
13.07
13.17
12.9
13.27
13.09
13.91
13.82
13.61
13.34
13.1
12.83
13.08
13.28
13.39
12.92
12.87
11.88
12.05
12.03
12.72
12.26
12.28
12.32
11.8
11.68
11.36
11.5
11.5
11.41
11.32
11.29
11.72
11.91
11.44
10.73
10.99
10.93
11.19
11.71
11.89
12.28
12.06
10.57
10.42
10.34
10.92
10.87
11.37
11.5
11.19
11.3
10.92
10.56
10.28
11.01
11.72
11.5
12.05
12.07
11.4
11.46
10.59
10.85
12.04
12.46
11.69
11.41
11.43
12.03
12.54
12.12
12.53
14.26
15.52
14.69
15.1
15.7
15.44
15.53
13.72
13.76
12.84
12.42
11.89
12.26
11.91
11.6
11.52
11.47
11.24
11.33
11.54
12.05
11.78
12.23
11.91
11.7
11.96
12.4
12.7
12.86
12.66
12.85
13.54
12.72
11.73
11.98
11.52
13.13
13.83
13.24
14.03
14.31
15.45
15.18
16.08
15.9
14.44
14.05
15.97
14.97
15.34
18.139999
20.52
21.48
24.639999
24.610001
20.23
18.51
16.030001
15.56
15.68
16.09
16
14.39
14.19
14.07
13.72
14.23
14.83
14.15
13.67
13.01
12.38
12.6
12.99
12.87
13.31
13.84
13.13
13.83
13.58
12.9
12.43
12.23
11.91
12.36
13.94
12.85
12.21
12.09
11.53
12.55
15.12
15.4
15.94
18.34
17.77
19.6
19.26
16.07
16.110001
15.03
14.32
14.01
14.13
15.06
15.48
15.86
17.049999
19.190001
19.52
19.040001
16.99
16.440001
18.02
17.65
21.32
20.860001
20.950001
19.58
18.639999
16.07
15.81
15.52
16.67
16.92
18.66
19.24
19.35
17.200001
16.82
16.67
16.059999
18.209999
16.969999
16.82
15.28
14.69
15.53
15.44
15.1
14.27
14.49
13.53
12.86
13.55
13.29
12.87
13.25
14.13
13.88
14.18
14.71
16.030001
16.290001
15.3
15.32
15.36
15.66
13.38
13.84
12.54
12.89
12.59
13.2
15.23
14.19
14.08
14.33
15.08
14.27
14.04
14.01
13.75
13.09
12.51
12.71
13.64
12.83
12.5
13.73
12.83
12.66
12.57
12.12
12.16
12.33
12.41
12.61
12.49
12.68
12.1
12.97
13.89
14.81
12.7
13
13.73
13.06
12.72
12.35
12.55
12.55
12.62
12.09
11.82
13.34
13.05
13.31
13.4
13.47
13.59
13.4
13.99
14.21
14.67
14.47
12.96
12.56
13.3
14.91
14.81
14.07
12.54
12.96
12.43
11.93
12.01
12.92
13.64
15.82
17.49
15.65
15.39
16.57
15.93
16.940001
17.200001
16.6
13.82
12.9
12.81
11.87
11.77
11.71
12.21
12.05
11.73
12.86
15.03
13.32
11.85
12.09
11.82
12.32
12.29
10.88
12.16
13.29
12.18
13.02
13.45
13.06
12.8
13.01
13.17
13.73
16.129999
20.799999
28.030001
28.08
28.67
24.49
25.77
26.629999
29.91
24.77
23.450001
25.68
24.129999
21.51
23.530001
23.15
23.639999
22.129999
21.09
17.870001
20.98
20.049999
22.25
21.139999
21.809999
20.809999
24.940001
25.76
23.25
22.549999
20.35
19.139999
18.82
18.33
16.34
16.889999
16.15
16.139999
17.299999
16.040001
15.05
14.82
14.72
14.41
14.45
13.24
14.68
14.78
12.8
14.33
14
13.67
13.81
13.96
15
14.32
15.14
15.24
15.02
16.65
18.200001
17.25
16.860001
16.799999
16
15.47
15.38
15.48
15.05
15.12
15.52
14.63
14.71
15.86
14.69
15.58
16.52
15.72
18.129999
20.879999
21.469999
20.02
17.120001
16.129999
18.75
18.700001
16.6
15.33
14.45
16.879999
15.63
16.5
17.51
20.67
19.25
19.799999
22.4
22.48
23.83
21.91
21.440001
23.07
26.67
25.209999
26.59
25.01
22.219999
22.379999
22.33
20.42
21.9
19.5
19.610001
21.059999
21.42
21.24
21.91
25.559999
25.99
24.469999
26.67
24.92
23.32
21.83
21.290001
20.52
19.02
19.540001
20.26
19.1
18.459999
18.379999
17.66
16.780001
16.32
16.049999
16.870001
17.82
18.309999
17.059999
16.280001
16.690001
16.84
14.89
13.82
13.75
13.79
13.75
14.33
14.71
14.89
13.79
13.06
13.49
13
13.66
14.93
14
14.68
14.84
14.83
14.84
13.6
13.38
13.58
13.23
12.98
12.5
13.16
13.15
13.86
13.66
13.5
13.3
14.91
14.48
14.91
15.39
15.22
14.71
14.17
13.55
13.29
13.95
13.97
14.28
14.48
14.86
16.280001
15.11
15.4
14.36
13.64
13.43
13.04
13.45
14.18
13.62
12.9
13.42
12.72
13.7
13.99
14.85
17.889999
20.27
18.629999
19.24
18.709999
16.59
16.91
17.83
17.25
19.48
22.93
18.75
16.48
15.29
14.61
15.49
14.96
14.33
13.19
13
12.75
12.92
12.14
12.27
12.33
11.94
11.4
11.69
11.97
12.39
12.8
12.5
12.36
11.77
11.86
12.35
12.73
11.79
11.18
11.41
11.02
11.37
11.38
11.28
11.58
11.87
12.14
11.42
11.33
11.94
11.72
12.3
13.29
12.13
12.9
12.7
12.97
12.99
11.9
11.85
11.77
11.65
12.52
14.76
15.83
16.34
15.74
15.28
14.6
14.69
12.98
11.76
11.93
13.26
12.97
12.24
12.14
12.53
13.42
12.92
12.7
12.8
12.21
13.29
13.69
15.26
16.139999
15.25
16.129999
15.03
13.87
13.74
13.27
12.83
12.73
13.66
13.6
14.65
16.25
16.51
18.559999
18.84
19.200001
18.389999
17.700001
14.33
13.26
14.15
14.39
13.3
13.51
12.97
12.85
12.16
12.2
12.19
12.31
12.74
12.62
12.23
13.05
12.39
12.14
11.54
11.33
11.3
11.67
12.07
12.34
12.48
12.46
12.15
11.67
11.38
10.93
11.14
11.35
11.84
11.85
12.95
13.05
12.85
11.63
11.4
10.98
11.46
11.31
11.21
11.32
10.94
11.79
11.69
12.17
11.53
11.59
11.04
10.51
10.6
10.3
11.1
11.79
9.97
11.62
10.72
11.09
11.06
11.15
10.74
10.55
11.07
10.73
10.8
11.69
11.37
11.5
11.44
11.54
11.34
11.53
12.13
11.78
11.32
10.94
11.06
11.04
11.09
11.62
11.46
11.29
11.28
10.6
11.16
10.78
11.03
10.92
11.99
12.18
12.27
12.48
11.34
11.03
11.12
11.5
12.27
11.7
10.9
11.7
12.23
12.94
14.17
14.84
14.97
14.6
14.29
13.46
13.83
13.85
10.82
10.22
10.39
10.33
10.29
9.9
10.04
10.4
10.27
9.99
9.67
9.56
9.62
10.32
10.28
10.25
10.18
11.53
14.03
11.72
10.89
10.56
9.88
9.72
9.65
10.14
9.93
9.69
9.58
9.6
9.86
10.12
9.73
9.37
11.19
10.26
10.01
10.74
10.26
10.01
10.24
10.4
10.24
9.85
9.68
9.8
9.76
9.73
10.4
10.28
10.79
11.18
10.98
10.61
10.68
10.08
9.9
9.5
9.71
9.66
9.58
9.5
9.3
9.26
9.04
8.84
9.16
10.26
10.23
9.95
9.8
9.9
9.68
9.76
9.52
11.11
11.56
14.5
12.06
11.45
11.25
11.54
13.32
13.07
11.35
11.39
11.55
11.1
11.23
11.48
10.96
10.34
10.02
11.41
11.35
11.32
11.84
10.51
10.29
10.33
10.28
10
9.88
9.85
9.67
9.54
9.5
9.79
9.94
9.63
9.55
9.36
9.37
9.3
9.53
9.13
9.11
9.88
9.94
9.72
9.65
9.44
9.75
9.78
9.87
9.99
9.29
9.94
10.39
10.99
10.6
9.74
10.1
9.9
9.74
9.67
8.99
9.38
9.29
9.5
9.79
10.5
11
11.45
12.33
11.38
11.16
10.44
9.67
9.32
8.56
9.79
9.53
9.81
10.25
10.54
10.26
10.65
10.86
10.12
9.43
9.28
9.21
9.65
9.78
9.22
9.24
9.18
8.9
9.2
9.35
10.13
9.71
10.07
9.95
9.52
8.94
8.92
9
9.32
9.37
9.82
9.62
9.54
10.4
11.18
11.62
11.18
10.84
10.76
10.89
11.2
11.08
11.68
13.88
13.41
12.5
13.64
16.799999
22.42
21.17
24.41
27.73
24.42
24.469999
18.99
17.6
17.440001
19.75
16.969999
18.07
16.469999
15.8
15.29
15.65
19.57
19.360001
17.940001
17.68
17.52
14.91
13.31
15.18
15.03
14.94
15.96
15.23
16.559999
18.09
16.26
18.120001
21.629999
20.709999
19.84
21.709999
19.6
20.440001
20.92
19.860001
18.57
18.6
20.34
20.24
19.639999
18.16
17.26
16.379999
14.57
14.95
15.16
15.19
15.79
15.37
17.75
16.24
15.25
15.13
15.42
14.75
15.43
10.91
14.51
14.52
13.38
12.92
12.65
12.81
12.5
13.21
12.65
13.06
12.78
12.77
12.49
12.53
12.29
14.39
14.65
14.2
13.37
12.69
12.3
11.62
11.22
12.09
12.14
11.88
11.98
11.88
11.93
12.28
13.21
12.25
12.18
13.11
14.56
15.1
14.76
16.4
14.66
15.54
14.68
14.47
13.34
12.6
11.93
13.09
12.42
11.62
12.46
11.85
11.44
11.79
12.49
12.58
11.66
11.8
11.78
11.6
12.98
12.81
12.45
12.17
11.07
11.17
10.52
10.52
10.17
12.3
12.95
13.11
13.44
12.82
12.4
12.26
12.09
11.97
11.65
11.83
12.02
11.87
12.09
12.24
12.82
13.12
13.23
13.72
14.31
13.93
13.21
12.91
12.3
11.93
12.32
12.56
11.66
11.31
11.1
12.18
11.8
11.55
11.94
12.09
11.57
11.61
11.34
12.42
11.72
15.69
15.27
15.83
20.65
20.879999
19.469999
17.549999
17.059999
17.51
18.389999
18.82
20.18
20.4
22.059999
23.33
22.01
23.110001
20.389999
19.030001
18.049999
19.639999
19.690001
16.33
16.09
16.84
17.25
19.110001
19.299999
19.940001
18.1
18.52
20.370001
20.110001
20.65
18.67
18.700001
18.18
18.59
18.030001
15.94
16.26
20.940001
19.9
22.5
21.389999
20.5
20.34
20.950001
21.969999
23.639999
22.5
24.68
25.709999
29.16
29.59
29.66
27.43
25.33
23.049999
24.049999
21.190001
20.91
20.09
19.48
19.290001
18.120001
18.700001
17.98
17.76
17.85
17.17
18.200001
19.469999
18.629999
17.309999
18.42
18.42
17.540001
16.540001
16.08
15.6
15.04
15.09
15.51
15.62
15.34
14.95
15
15.3
14.79
14.64
13.99
13.85
13.51
13.44
14.52
14.7
14.39
13.41
13.38
14.26
14.74
15.54
16.02
14.33
13.61
13.25
13.16
12.5
13
12.37
13.05
13.26
13.62
16.26
14.67
14.51
14.41
13.64
13.32
13.13
12.85
13.4
12.17
13.1
13.31
13.27
12.91
11.95
12.24
11.85
11.03
12.02
12.38
12.08
12.26
12.81
12.49
12.65
12.88
12.74
13.8
12.8
12.89
15.8
18.290001
18.870001
15.57
18.35
17.450001
16.41
15.16
14.86
15.46
14.79
14.42
15.28
15.52
15.9
17.620001
16.719999
18.01
18.16
16.969999
16.040001
15.36
15.33
15.84
15.5
15.78
15.61
15.21
15.24
14.62
14.15
13.19
14.42
15.23
15.1
15.47
15.66
15.08
13.8
12.9
12.56
12.04
13.64
13.99
12.98
12.39
12.28
12.49
12.28
12.24
13.19
13.09
13.42
12.55
11.98
11.69
12.01
12.15
12.87
13.46
13.73
17.040001
19.91
19.77
18.940001
16.82
17.309999
17.77
17.52
17.75
20.780001
18.41
16.52
16.450001
15.51
15.63
16.040001
19.059999
18.49
19.1
17.6
17.09
19.41
17.26
15.45
14.91
14.95
15.11
14.55
13.85
13.51
14.5
14.4
13.8
13.31
13.35
14.71
14.33
15.69
15.35
15.15
16.200001
15.79
18.75
19.030001
16.969999
16.440001
17.42
17.77
17.559999
15.11
14.51
13.39
13.6
13.31
13.78
14
13.7
14.01
13.4
12.62
12.66
13.07
12.27
13.18