17.24
18.190001
19.219999
20.110001
20.26
22.200001
22.440001
20.049999
24.639999
26.34
24.18
24.16
24.34
22.5
26.700001
24.719999
25.389999
25.629999
26.280001
26.440001
27.25
25.360001
24.870001
24.32
24.540001
24.690001
24.290001
23.77
23.690001
24.379999
23.76
22.049999
19.709999
20.780001
22.780001
23.889999
22.540001
23.690001
23.559999
22.690001
21.99
21.9
21.34
22.030001
20.549999
19.1
19.74
20.299999
20.07
21.049999
19.65
18.809999
17.620001
18.290001
19.059999
20.1
22.74
20.459999
19.59
21.01
19.77
18.459999
19.73
22.84
20.440001
22.030001
21.209999
21.76
22.299999
21.690001
17.73
19.799999
20.75
20.379999
22.67
22.459999
23.33
24.16
21.700001
20.860001
20.25
22.190001
19.52
18.43
19.32
17.809999
17.280001
17.65
18.49
18.639999
18.59
19.809999
20.139999
19.49
17.709999
17.27
17.200001
16.719999
17.84
17.18
17.700001
17.32
18.75
17.440001
17.370001
17.09
18.389999
18.969999
17.42
16.879999
17.58
16.34
16.6
17.379999
17.4
15.9
17.709999
15.23
15.27
14.72
19.360001
17.059999
16.290001
16
16.18
15.5
16.26
16.110001
17.25
16.41
16.66
16.92
16.68
17.059999
17.09
16.75
16.66
18.9
18.559999
15.63
23.68
21.790001
20.190001
20.26
21.120001
21.16
21.110001
21.639999
20.43
28.74
35.91
32.75
28.27
24.389999
25.75
25.74
24.18
23.309999
27.16
27.530001
26.459999
28.9
30.549999
36.470001
33.93
29.629999
29.120001
27.379999
29.889999
29.9
29.58
28.52
30.190001
28.73
29.34
28.379999
28.120001
29.33
30.559999
29.549999
28.82
27.879999
28.66
30.040001
30.559999
28.809999
28.190001
28.67
29.110001
28.059999
27.280001
27.9
27.51
27.85
28.040001
30.709999
31.190001
33.98
31.940001
31.639999
31.450001
31.370001
29.6
27.860001
27.27
27.57
28.280001
29.040001
30.75
31.540001
30.52
30.040001
30.25
30.030001
29.85
29.110001
30.870001
30.790001
26.959999
25.6
24.58
22.889999
22.57
21.34
20.950001
20.09
21.09
20.98
22.76
22.860001
22.959999
23.91
22.16
22.290001
22.030001
20.940001
22.620001
22.59
23.58
23.75
21.280001
23.049999
23.85
24.85
23.110001
23.08
23.129999
22.66
24.030001
24.18
24.809999
25.049999
26.379999
26.620001
27.93
27.190001
28.950001
30.379999
33.299999
31.33
32.630001
36.200001
36.16
33.200001
27.450001
25.389999
24.33
24.9
23.92
22.860001
22.200001
23.049999
23.17
21.370001
20.91
21.040001
21.860001
21.459999
22.68
23.6
23.379999
22.559999
22.26
20.860001
21.48
19.57
19.84
22.26
20.780001
21.01
22.860001
20.379999
21.26
21.23
21.23
20.860001
20.450001
20.549999
21.049999
20.809999
20.879999
18.82
16.09
14.94
14.9
15.79
16.110001
16.040001
16.860001
16.49
16.76
16.309999
16.549999
16.879999
17.42
17.4
17.610001
18.01
17.629999
17.41
20.120001
19.73
17.24
18.450001
16.5
15.82
15.47
16.26
15.68
16.780001
17.02
16.719999
17.15
17.27
18.27
18.24
17.77
17.52
17.24
17.92
17.459999
17.780001
17.17
17.540001
17.66
18
18.379999
17.24
16.639999
17.1
16.07
16.16
16.110001
15.23
15.67
15.9
16.02
15.93
16.870001
16.17
16.4
16.93
16.98
17.469999
17.32
17.719999
16.99
15.98
15.5
16.139999
17.440001
16.75
16.51
18.280001
17.85
17.98
17.870001
19.549999
18.639999
17.629999
19.469999
18.35
20.290001
19.76
19.190001
17.389999
18.290001
17.780001
17.49
17.52
15.77
15.5
16.9
16.58
16.41
15.74
15.45
15.67
15.47
15.18
15.47
15.26
15.92
15.54
15.56
15.98
15.45
15.26
14.73
15.09
15.19
16.01
21.190001
18.860001
15.62
14.59
14.41
14.81
15.46
15.31
14.82
14.46
16.57
17.18
17.309999
16.76
17.73
18.219999
17.959999
16.209999
17.879999
17.82
17.68
17.559999
17.559999
17.08
16.379999
16.040001
15.68
15.35
16.309999
15.85
14.81
15.81
17.040001
15.63
18.58
17.809999
18.540001
17.799999
17.6
16.709999
16.219999
14.85
16.32
15.87
16.66
16.549999
16.26
15.62
15.75
15.45
15.55
15.46
15.48
15.6
16.35
16.48
16.469999
15.97
15.43
14.89
14.04
13.95
13.96
21.18
18.280001
20.34
20.4
19.110001
21.200001
21.92
19.799999
19.84
20.26
20.18
19.700001
19.540001
20.190001
19.040001
19.74
19.889999
20.57
19.08
17.879999
17.620001
18.120001
17.780001
17.959999
17.65
16.610001
15.67
15.44
15.7
17.629999
19.309999
19.690001
17.040001
16.23
20.299999
17.530001
17.58
18.5
19.049999
17.73
17.809999
18.43
16.59
16.57
16.74
17.540001
15.48
16.23
16.15
17.07
16.57
16.870001
14.16
17.08
17.16
18.15
18.799999
18.43
19.24
18.559999
18.219999
15.42
17.52
17.790001
17.690001
15.66
15.75
17.469999
15.86
15.66
16.969999
15.34
17.440001
17.360001
17.82
18.57
18.25
20.67
19.620001
19.23
19.469999
18.389999
19.129999
17.780001
16.950001
16.73
16.73
17.629999
16.27
16.41
16.549999
15.88
16.43
16.450001
16.93
16.25
18.219999
17.18
17.26
20.059999
18.950001
17.389999
17.42
16.82
16.360001
15.17
16.15
16
16.030001
16.1
15.73
16.93
16.559999
16.379999
15.86
14.87
16.700001
15.56
16.110001
15.8
16.18
15.87
15.4
15.88
14.38
14.38
15.17
13.95
12.98
14.01
14.03
13.93
13.84
14.25
12.77
14.47
12.92
13.24
13.21
14.57
15.6
15.28
15.9
16.91
15.37
16.110001
15.12
15.76
18.23
17.43
14.66
14.27
14.26
13.93
14.13
13.94
13.66
13.43
12.69
14.27
14.03
14.17
14.34
13.93
12.47
14.26
12.41
12.13
13.15
13.54
12.2
11.36
13.33
12.25
13.34
11.5
12.21
13.45
12.55
14.05
13.34
12.41
12.4
13.93
13.87
15.32
14.28
13.45
15.63
14.32
14.67
14.67
14.37
13.74
15.21
14.87
14.05
13.86
12.57
12.66
11.87
12.69
10.77
12.92
13.36
13.03
12.64
12.39
13.37
11.53
13.63
13.61
13.61
12.99
13.57
13.72
13.76
13.77
15.42
15.23
13.96
15.44
15.33
19.77
20.370001
19.07
19.57
19.67
20.610001
16.84
15.77
18.110001
15.8
16.889999
16
17.08
15.83
17.110001
16.93
16.33
16.33
15.68
15.9
17.02
16.01
16.33
16.1
15.66
14.69
14.51
14.6
16.360001
14.8
14.68
15.74
14.98
14.98
14.2
12.93
12.54
12.48
11.63
11.38
12.94
12.06
12.09
11.69
12
10.29
11.73
12.36
12.36
12.61
12.61
12.61
12.03
12.03
11.66
10.57
11.75
11.5
12.67
12.27
12.14
11.87
12.96
12.99
12.88
12.9
13.75
13.27
11.82
13.02
12.29
11.9
12.15
11.64
12.21
12.41
11.63
11.42
11.08
11.66
12.08
12.49
12.51
12.47
11.98
11.86
12.56
13.15
13.63
13.58
13.05
13.58
13.44
15.96
14.69
15.74
15.03
15.1
14
12.99
13.47
13.13
13.76
13.14
12.52
13.2
15
14.02
14.63
13.97
15.6
15.01
13.05
15.06
14.33
13.89
13.97
12.71
12.23
12.71
10.66
13.04
12.58
12.29
13.04
14.27
14.43
13.73
13.75
12.33
12.33
12.59
12.33
11.96
11.11
11.39
11.82
12.41
11.58
13.2
14.06
15.39
13.78
13.24
11.26
13.25
13.05
12.12
12.83
12.93
13.42
13.62
12.98
14.63
14.63
14.85
14.52
14.46
14.46
14.16
14.16
13.73
13.2
13.58
13.21
13.64
13.59
13.67
12.96
12.76
15.22
15.74
13.59
13.35
12.32
12.32
12.32
12.85
11.73
12.57
11.67
11.24
12.91
12.15
12.13
11.46
11.22
10.49
11.6
13
13.43
11.19
11.28
9.18
10.85
11.02
10.94
10.66
11.44
11.1
12.05
11.94
11.15
11.65
11.87
11.87
11.54
11.54
11.81
10.95
10.92
11.94
12.18
12.15
11.97
12.36
12.22
12.8
12.37
11.78
12.06
12.07
11.29
12.36
11.94
11.78
11.85
11.85
11.34
12.55
11.3
11.91
11.56
11.8
12.26
13.38
12.16
11.67
13.49
13.15
13.49
11.32
13.66
14.57
14.78
13.47
12.58
12.76
11.91
12
13.08
12.56
13.27
13.15
13.07
12.65
12.65
13.08
14.64
10.62
12.35
11
12.27
11.73
11.2
10.7
10.75
11.67
10.04
11.83
11.95
11.8
12.02
11.68
11.72
13.52
14.57
16.120001
13.92
13.18
13.25
14.47
13.79
15.03
15.69
15.44
14.99
16.200001
14.86
13.89
13.3
13.39
14.12
12.93
14.22
13.34
14.5
14.76
14.2
11.58
12.62
9.7
10.71
11.49
11.15
11.67
11.11
10.53
10.03
9.5
9.5
9.81
10.11
10.32
10.59
11.28
12.87
11.47
11.47
11.47
10.64
12.04
12.21
12.75
11.14
11.99
11.7
11.74
11.81
10.9
11.59
10.94
11.76
10.69
9.86
10.01
10.81
10.54
10.63
10.71
15.25
12.49
12.91
12.69
15.18
14.25
14.15
13.12
12.75
13.97
14.95
13.52
15.54
15.01
15.01
12.58
17.82
15.99
15.65
12.2
16.07
14.68
16.08
14.77
16.52
14.49
15.35
13.23
13.74
14.5
13.94
11.88
12.22
13.4
15.69
13.66
17.110001
18.5
23.610001
21.629999
16.84
17.92
16.5
16.5
16.5
15.97
17.129999
15.54
16.08
16.690001
16.799999
16.43
14.16
15.19
14.19
13.23
13.05
14.42
13.03
13.77
13.62
15.11
16.4
15.87
14.93
15.01
15.55
14.85
14.67
13.1
12.09
11.89
13.26
12.59
13.01
12.46
12.84
13.39
13.16
12.77
13.28
11.78
13.35
12.81
13.27
13.04
12.34
11.62
11.36
11.36
10.52
13.77
13.7
14.75
13.31
15.35
17.360001
13.39
14.63
13.92
14.89
14.84
15.12
13.24
14.88
13.3
13.9
12.94
12.69
11.13
11.49
11.49
11.51
12.49
10.96
11.87
11.78
11.93
11.99
11.23
11.71
10.91
11.42
11.5
12.85
11.71
11.12
12.61
11.55
11.98
11.92
11.72
11.17
11.76
12.71
12.87
11.78
12.03
11.62
11.16
12.81
11.73
11.18
12.17
11.21
11.5
11.83
12.01
11.62
13.47
12.96
13.95
11.87
12.06
12.89
13.35
13.65
13.56
13.79
14.94
14.9
13.62
13.55
13.33
15.69
14.08
16.26
15.65
15.31
14.26
13.93
13.66
12.75
14.33
14.25
14.4
13.91
15.5
16.139999
15.97
17.18
15.7
15.2
15.11
14.73
14.61
15.28
14.32
14.99
16.879999
15.57
15.95
16.110001
15.07
16.959999
14.75
15.73
15.02
15.77
15.47
16.57
18.27
17.639999
17.09
16.01
15.99
15.49
16.110001
15.88
15.8
16.610001
16.129999
17
17.440001
15.04
15.09
13.79
12.87
13.02
12.94
12.9
12.17
11.96
11.83
11.4
12.87
12.48
14.09
13.87
13.7
13.67
13.53
12.49
12.03
12.74
11.46
11.45
12.45
11.24
12.08
12.08
13.89
12.13
11.94
10.9
10.77
11.63
12.12
11.74
11.59
10.56
11.24
11.01
11.29
11.42
11.5
11.74
11.35
11.49
11.62
11.44
12.05
11.03
10.8
10.95
10.93
12.33
11.49
11.66
11.48
12.19
12.39
13.21
13.09
13.27
12.11
11.68
12.27
12.27
12.05
11.88
11.35
11.36
11.39
11.23
11.97
11.51
11.68
12.59
13.6
12.52
12.24
12.98
11.72
13.14
13.3
12.59
12.29
11.22
11.49
12.21
13.11
12.16
11.21
11.78
11.93
12.78
11.81
11.54
11.21
12.18
11.8
11.46
11.91
11.37
12.26
12.94
13.29
11.2
12.09
12.13
12.28
11.89
12.73
12.22
11.14
10.29
11.76
11.63
12.13
12.49
12.16
12.77
13.5
12.96
13.22
13.01
12.62
12
11.35
12.16
11.72
10.36
10.6
11.26
11.52
10.92
11.43
10.98
11.85
12.3
11.59
11.07
11.36
11.86
12.35
11.76
11.19
11.97
12.25
11.13
12.73
12.35
12.55
13.48
13.46
11.94
12.64
12.73
12.85
13.34
13.05
13.22
13.44
13.28
14.46
12.9
13.62
13.25
12.78
12.87
12.45
12.69
12.31
11.6
12.17
11.47
12.08
12.54
11.82
13.31
12.23
12.15
11.68
11.77
11.61
11.15
11.44
10.31
10.65
11.01
11.79
11.67
11.66
11.29
11.13
12.38
12.5
12.75
11.95
12.79
12.33
12.21
12.73
11.72
12.2
12.4
14.52
13.31
14.15
13.45
14.61
14.97
14.74
14.34
13.95
15.04
14.63
12.57
14.38
13.46
14.63
14.01
13.41
14.47
15.79
14.48
13.9
13.98
13.37
12.12
13.09
12.92
12.85
12.35
12.62
13.52
13.77
13.44
12.88
12.61
12.75
11.89
11.91
11.91
10.57
11.94
11
10.9
11.12
11.12
11.12
10.84
12.5
12.5
12.14
10.38
11.51
10.67
11.22
11.22
15.42
11.84
13.01
11.29
11.72
11.24
11.91
12.59
13.39
11.53
11.24
14.02
13.22
13.04
16.549999
15.76
14.28
14.12
14.62
14
13.72
13.55
12.88
13.56
12.92
12.31
12.64
12.07
11.45
12.37
11.44
12.51
13.79
13.99
14.29
13.96
14.27
14.53
14.69
15.02
15.7
14.93
16.23
15.53
14.14
14.93
15.47
16.51
15.51
16.879999
17.129999
16.780001
16.639999
16.030001
16.85
18.860001
17.34
18.370001
18.52
17.790001
15.15
16.5
16.93
18.299999
18.360001
17.41
17.129999
18.23
17.309999
17.799999
18.25
18.42
16.98
16.360001
16.15
18.15
16.959999
17.790001
19.41
18.690001
17.540001
16.51
16.5
16.690001
14.56
14.76
14.95
14.01
14.69
14.56
15.54
15.75
15.89
16.75
16.610001
16.889999
16.620001
17.200001
15.48
16.200001
16.26
15.01
14.57
16.01
14.74
15.05
15.66
16
15.79
15.58
16.1
16.969999
17.059999
15.74
16.799999
16.35
16.040001
16.34
17.67
16.57
16.379999
16.469999
16.82
17.1
17.27
16.690001
17.549999
17.08
14.9
16.08
15.5
15.07
15.08
13.92
13.83
13.93
13.88
16.25
16.68
16.02
16.059999
15.81
16.99
17.139999
20.280001
19.379999
18.780001
16.74
19.299999
19.299999
23.9
19.59
18.690001
18.559999
19.83
19.879999
19.389999
16.379999
17.120001
17.75
16.879999
16.280001
16.01
16.139999
16.290001
16.530001
16.09
15
15.27
15.19
14.91
13.9
13.71
14.74
14.57
14.88
15.43
16.09
19.780001
18.610001
19.07
18.15
17.1
16.42
16.559999
15.36
15.51
15.4
15.86
16.27
16.09
14.57
16.33
16.549999
15.86
16.129999
16.57
16.33
16.9
16.92
16.73
15.46
15.06
15.35
15.66
16.33
15.5
14.77
14.82
15.82
15.25
15.52
15.53
16.290001
16.66
16.17
17.09
17.27
18.440001
18.17
18.139999
17.290001
18.33
17.32
16.74
16.84
16.52
14.73
15.89
14.94
14.62
13.61
14.71
15.04
15.39
16.08
15.06
15.47
16.67
17
16.76
18.66
17.700001
18.76
17.59
20.360001
18.5
17.360001
18.610001
18.690001
20.85
21.040001
21.99
20.07
18.940001
16.84
19.27
19.219999
18.33
18.67
19.700001
19.860001
21.540001
19.82
19.84
20.459999
18.6
19.99
20.75
19.469999
20.1
19.389999
19.59
19.780001
19.18
18.690001
18.02
16.67
18.450001
20.17
19.959999
20.6
19.809999
19.469999
19.889999
19.59
19.549999
20.58
18.82
19.65
20.309999
19.57
19.299999
19.209999
19.76
19.940001
20.93
21.290001
20.940001
20.110001
19.4
20.43
21.549999
21.889999
20.75
20.01
19.48
19.52
20.139999
19.24
18.719999
19.32
19.860001
21.18
20.85
21.68
21.52
17.540001
20
19.75
18.6
17.379999
21.540001
22.85
21.290001
21.24
20.700001
19.24
18.65
18.09
18.620001
19.51
19.82
19.02
18.43
18.379999
18.139999
19.219999
19.879999
19.84
20.26
21.25
22.209999
20.639999
20
20.18
18.879999
18.49
21.370001
21.190001
21.4
21.49
20.440001
20.530001
20.48
21.139999
18.73
21.879999
21.49
19.190001
19.01
18.459999
19.26
19.389999
19.1
19.48
21.08
19.91
19.99
20.190001
19.440001
19.66
19.280001
18.959999
18.700001
19.299999
19.77
20.66
20.379999
20.18
20.24
20.700001
20.73
21.01
21.75
21.26
21.469999
21.540001
20.74
18.459999
18.709999
19.08
18.58
19.889999
19.290001
19.02
19.51
19.799999
19.969999
21.01
23.549999
23.110001
21.309999
21.57
20.639999
20.57
22.280001
21.950001
21.34
21.290001
23
21.780001
20.870001
19.540001
21.370001
22.860001
22.129999
23.58
23.700001
23.200001
26.110001
23.309999
22.57
21.35
25.299999
24.459999
24.4
25.059999
24.790001
24.52
25.85
24.41
25.01
24.17
24.5
24.76
24.200001
25.530001
25.6
25.77
24.77
23.879999
23.76
22.51
22.870001
22.18
22.129999
22.6
21.959999
23.209999
22.32
22.950001
22.549999
20.809999
21.98
21.35
20.389999
23.35
20.290001
19.82
19.860001
19.610001
19.74
20.32
21.4
20.200001
19.559999
22.549999
20.93
24.91
45.689999
29.32
36.709999
35.080002
32.18
31.440001
32.310001
33.060001
36.200001
35.209999
36.919998
37.82
37.240002
36.189999
32.560001
31.33
31.120001
28.73
26.68
28.91
28.940001
28.950001
28.040001
27.860001
25.690001
25.209999
22.799999
22.34
22.879999
23.450001
23.059999
26.82
26.549999
28.18
26.030001
25.57
26.209999
29.23
28.83
28.690001
29.940001
29.389999
28.709999
26.27
24.209999
24.34
24.110001
25.200001
26.15
26.24
25.790001
28.690001
26.700001
25.040001
23.92
21.450001
22.209999
22.75
23.219999
22.719999
23.74
23.16
21.879999
21.969999
21.67
21.32
21.309999
21
19.18
20.969999
21.23
21.209999
21.040001
20.620001
20.48
20.43
20.24
19.889999
19.559999
19.139999
19.129999
19.01
18.959999
18.66
18.969999
19.43
19.27
20.870001
19.969999
20.200001
19.9
19.41
18.76
17.690001
19.27
18.42
18.709999
17.9
17.610001
19.65
20.110001
20.59
23.02
22.440001
24.32
24.23
24.85
23.07
21.940001
21.84
23.309999
23.01
21.389999
22.99
23.370001
21.459999
21.440001
22.32
21.219999
20.51
19.74
20.4
20.280001
24.950001
24.040001
23.360001
21.16
20.719999
19.57
20.940001
21.9
23.65
20.940001
20.08
21.23
20.290001
19.9
19.610001
20.84
20.74
19.66
19.700001
18.66
19.66
24.33
21.790001
19.93
22.709999
22.219999
21.1
22.82
20.48
19.02
20.450001
21.26
21.870001
23.57
24.77
26.49
23.379999
22.870001
21.48
22.959999
21.18
20.18
19.5
19.84
19.389999
19.85
18.99
18.49
19.059999
18.4
18.24
18.049999
17.860001
18.360001
18.32
17.879999
17.559999
16.42
17.73
17.450001
20.530001
20.540001
22.540001
24.43
23.690001
23.290001
23.809999
22.290001
26.15
25.57
31.780001
29.450001
27.66
28.049999
32.540001
29.41
28.200001
29.860001
34.77
30.66
27.559999
29.27
32.59
31.690001
29.309999
31.950001
33.650002
38.400002
39.740002
41.740002
35.209999
40.959999
40.66
40.110001
37.860001
43.889999
47.950001
40.889999
38.369999
35.93
39.43
39.439999
42.740002
37.849998
35.029999
33.779999
37.139999
34.200001
37.169998
37.16
41.900002
42.169998
42.650002
40.16
40.98
47.07
43.279999
40.549999
40.970001
40.919998
39.610001
34.009998
35.939999
30.809999
33.27
33.900002
31.9
33.25
31.200001
33.77
32.09
28.280001
28.309999
26.6
26.98
27.52
25.91
26.93
28.200001
27.280001
28.629999
29.49
28.790001
29.34
28.129999
26.1
24.01
22.200001
22.32
23.48
22.43
22.790001
27.379999
25.629999
25.530001
26.280001
25.59
25.049999
25.780001
25.73
27.93
29.860001
31.379999
29.129999
29.42
26.799999
24.639999
24.049999
21.889999
21
22.92
23.68
22.030001
23.74
25.379999
25.92
23.360001
24.42
22.950001
21.41
25.59
32.619999
30.459999
32.560001
28.860001
28.620001
29.549999
32.259998
32.220001
30.92
28.280001
29.25
27.77
27.209999
28.190001
28.59
27.620001
29.690001
29.530001
29.959999
31.59
30.030001
27.85
28.879999
30.209999
30.99
30.01
28.83
25.92
25.700001
27.950001
28.41
29.34
27.959999
28.85
27.809999
24.780001
24.870001
25.280001
24.860001
24.309999
24.790001
25.809999
25.34
24.93
25.139999
24.07
25.299999
25.969999
26.99
25.32
24.790001
23.870001
24.34
22.030001
22.870001
22.879999
22.530001
22.530001
23.379999
22.16
21.129999
22.16
23.33
25.219999
24.07
23.59
25.84
24.860001
22.42
22.6
23.93
23.040001
23.530001
24.5
24.41
24.41
24.23
25.719999
25.34
26.15
26.389999
25.860001
26.709999
25.559999
26.59
27.98
27.549999
25.860001
25.1
24.120001
24.93
27.709999
28.83
27.59
27.26
27.120001
26.530001
25.82
25.309999
24.4
23.559999
23.84
24.780001
24.870001
26.08
26.16
24.389999
22.74
22.190001
22.32
21.68
22.209999
20.67
21.360001
22.48
23.540001
22.99
20.57
19.24
19.93
21.110001
20.969999
18.549999
19.299999
19.35
19.440001
18.67
18.049999
18.5
19.959999
21.26
21.9
22.360001
24.76
24.450001
23.34
23.51
23.809999
25.75
25.25
25.629999
28.83
26.309999
27.41
27.610001
27.190001
24.58
23.66
23.75
22.09
22.780001
24.57
24.049999
23.129999
23.41
21.92
20.25
20.9
23.299999
24.41
23.860001
24.25
21.5
22.4
24.209999
23.91
22.190001
22.799999
23.379999
22.969999
25.459999
24.33
24.08
24.51
25.879999
24.129999
28.200001
27.059999
26.34
25.51
26.15
25.58
25.26
24.68
23.719999
22.440001
22.440001
20.709999
21.559999
22.620001
26.68
27.309999
29.34
26.25
25.15
25.530001
22.02
23.780001
22.940001
24.32
22.370001
20.629999
22.700001
22.09
23.08
22.469999
21.469999
22.57
22.059999
22.6
22.24
21.99
21.780001
22.129999
20.780001
20.59
18.799999
20.370001
21.07
20.700001
20.35
24.27
23.809999
23.41
21.690001
19.74
21.120001
20.93
21.209999
20.799999
21.610001
21.959999
22.25
23.25
21.360001
21.389999
22.18
22.98
22.139999
21.59
22.879999
23.610001
23.08
23.51
25.030001
24.360001
24.940001
27.98
26.68
25.139999
21.889999
21.98
23.049999
22.73
19.83
21.389999
22.15
21.309999
21.549999
21.43
23.790001
22.91
22.370001
23.75
26.780001
24.43
23.02
22.719999
20.77
22.969999
21.68
21.540001
23.360001
22.940001
24.67
24.08
23.200001
22.9
23.370001
25.91
25.200001
24.18
24.129999
25.9
23.76
22.65
21.620001
19.98
20.379999
22.24
24.57
24.18
20.889999
23.030001
22.75
24.66
21.65
21.26
22.309999
23.450001
21.91
21.82
22.450001
24.35
24.99
24.370001
23.950001
24.780001
24.99
23.5
28.559999
27.709999
25.639999
25.440001
27.67
27.190001
28.459999
30.09
33.700001
27.93
26.540001
26.540001
27.790001
26.26
25.389999
29.43
25.620001
26.07
26.809999
30
31.450001
29.49
28.799999
28.25
29.68
29.07
26.33
26.469999
24.459999
24.620001
23.42
24.85
26.25
25.75
25.959999
23.870001
24.610001
24.59
24.09
23.200001
21.32
23.059999
23.200001
23.17
23.360001
22.08
22.219999
23.280001
21.610001
21.42
20.540001
21.16
20.809999
21.059999
21.540001
22.129999
24.85
22.1
21.870001
20.76
19.68
20.51
20.629999
20.77
19.68
20.200001
19.639999
20.290001
19.9
19.209999
20.02
19.700001
19.280001
19.049999
19.040001
19.35
19.459999
19.629999
19.26
19.33
20.98
20.66
20.200001
20.290001
18.75
19.309999
18.889999
18.780001
18.969999
19.26
18.98
17.969999
17.809999
18
17.17
17.709999
17.83
17.59
17.42
16.959999
17.110001
16.84
17.129999
17.440001
16.809999
19.18
19.700001
20.469999
18.809999
19.030001
18.33
18.76
18.24
18.09
18.879999
20.219999
19.99
20.17
22.09
20.85
21.5
21.709999
21.280001
19.879999
20.98
20.99
22.18
21.02
20.530001
23.92
23.77
26.23
27.209999
29.34
27.33
26.190001
30.700001
26.799999
24.629999
24.58
24.139999
25.58
26.639999
27.42
26.23
24.77
24.07
23.709999
24.049999
24.530001
25.120001
24.870001
26.790001
28.07
29.129999
27.93
27.24
25.82
25.5
26.49
27.43
26.91
27.32
26.120001
26.99
27.879999
28.639999
28.309999
28.549999
27.280001
24.32
25.459999
23.74
23.799999
24.030001
23.690001
23.4
25.43
26.790001
27.35
29.950001
31.969999
28.75
28.469999
28.879999
27.99
26.35
27.93
29.629999
26.35
27.809999
29.98
29.469999
28.440001
26.68
25.309999
25.59
24.4
24.48
23.620001
24.27
23
21.98
22.440001
22.52
22.799999
23.07
22.940001
22.389999
20.870001
22.75
22.040001
21.629999
21.459999
21.67
23.059999
21.639999
21.84
21.51
21.65
23.43
24.809999
25.959999
27.18
27.18
25.57
26.370001
29.66
29.08
28.32
26.26
25.280001
24.42
24.469999
27.879999
30.77
30.370001
28.530001
28.780001
30.610001
30.02
31.41
32.41
33
30
28.52
28.26
29.27
28.76
29.4
32.919998
34.279999
32.509998
30.389999
31.940001
30.67
28.940001
28.09
26.85
26.040001
24.58
24.51
24.67
27.35
27.700001
28.639999
26.41
25
24.209999
25.459999
24.6
25.52
26.49
25.1
24.49
24.940001
23.690001
23.139999
24.23
24.41
23.17
22.5
21.459999
21.9
21.530001
21.6
21.85
20.6
22.16
22.4
22.959999
23.02
21.639999
20.799999
20.09
20.35
19.620001
20.620001
21.209999
20.790001
22.129999
23.98
23.26
22.4
22.049999
21.309999
19.82
20.360001
21.450001
21.549999
20.18
19.9
19.75
19.209999
20.139999
20.959999
22.709999
22.280001
24.17
23.290001
22.030001
21.690001
23.540001
23.190001
22.58
22.67
22.639999
24.200001
24.92
24.02
23.02
22.48
22.309999
20.969999
20.33
20.23
21.07
21.43
21.52
22.02
20.559999
20.58
19.950001
20.139999
21.26
21.940001
24.83
22.549999
22.709999
22.049999
21.299999
20.5
20.9
21.85
23.16
25.309999
26.110001
26.219999
27.23
29.889999
33.110001
43.200001
41.07
37.880001
41.400002
48.93
41.32
37.060001
35
35.450001
33.080002
33.419998
32.41
32.400002
31.370001
32.68
35.66
35.25
34.169998
30.93
32.48
36.75
34.810001
32.439999
35.419998
34.759998
34.470001
32.240002
31.74
32.400002
30.02
30.43
33.240002
33.119999
33.970001
32.450001
31.139999
30.639999
29.41
28.51
28.99
31.940001
27.950001
26.27
26.33
25.76
25.43
24.35
23.860001
23.93
24.219999
23.6
24.57
26.16
25.049999
25.92
25.41
23.15
23.5
23.76
24.969999
25.25
25
25.48
25.280001
25.02
23.43
23.34
22.559999
23.129999
23.059999
22.360001
22.01
21.4
22.5
23.780001
22.219999
20.969999
21.41
21.629999
21.299999
22.280001
22.290001
23.940001
23.389999
23.42
23.34
22.969999
22.93
23.35
21.190001
21.360001
21.24
20.92
24.58
22.450001
21.120001
22.77
25.26
25.530001
25.99
24.559999
24.040001
22.299999
20.92
21.92
21.98
23.92
23.780001
22.59
24.040001
23.09
21.360001
21.18
21.120001
21.059999
20.690001
20.76
20.27
20.719999
19.76
20.66
20.52
19.83
19.450001
18.77
18.790001
18.5
18.700001
18.610001
18.34
18.18
18.440001
18.1
17.23
18.99
19.120001
19.41
19.9
19.33
20.35
19.309999
19.219999
18.719999
19.959999
20.129999
18.58
18.34
17.82
18.41
19.41
19.23
20.01
21.559999
20.719999
23.23
24.030001
21.440001
20.110001
20.25
20.99
22.379999
21.299999
20.84
21.83
22.25
19.870001
19.5
19.309999
18.01
18.76
19.040001
20.25
19.049999
18.219999
20.209999
20.41
20.879999
20.26
20.98
23.6
23.52
22.969999
25.959999
24.18
23.110001
24.18
24.65
28.43
25.92
24.75
25.049999
26.1
28.379999
27.93
26.41
29.99
27.67
25.74
25.709999
27.559999
28.879999
27.299999
28.540001
27.959999
31.4
34.419998
34.299999
35.07
35.970001
34.25
35.200001
36.419998
39.130001
42.27
48.169998
40.650002
38.610001
33.889999
32.040001
32.779999
32.77
37.529999
41.950001
43.060001
40.720001
38.529999
37.41
37.23
37.240002
35.560001
31.9
29.879999
29.6
29.52
29.18
28.639999
28.08
30.73
29.889999
31.24
35.419998
33.639999
37.119999
39.209999
39.580002
36.880001
39.099998
35.98
34.810001
36.240002
38.220001
37.34
35.869999
38.68
39.919998
39.93
40.779999
40.950001
39.650002
36.09
35.07
41.07
37.25
35.16
37.330002
39.18
41.650002
42.09
42.25
39.130001
36.360001
36.919998
34.360001
34.91
34.77
34.599998
35.34
34.389999
34.060001
32.990002
33.369999
30.780001
31.530001
32.5
31.57
31.57
29.809999
31.01
31.889999
31.42
30.389999
30.629999
31.09
31.209999
29.690001
27.92
27.09
28.120001
26.93
24.6
23.99
23.92
24.559999
25.15
27.1
28.35
27.790001
29.1
29.5
30.639999
30.07
30.440001
28.92
27.950001
28.01
28.25
26.25
27.290001
28.26
28.59
27.610001
26.389999
26.32
27.719999
30.690001
29.08
28.74
25.549999
25.32
25.129999
25.620001
24.9
24.620001
24.950001
25.01
24.85
24.92
25.389999
26.75
28.16
28.719999
28.469999
33.310001
34.419998
32.450001
31.379999
31.15
32.450001
32.740002
32.759998
34.029999
33.299999
35.209999
33.18
33.880001
34.990002
33.740002
32.119999
31.17
30.969999
30.98
31.459999
32.709999
32.119999
31.76
29.84
29.780001
31.049999
31.25
31.040001
32.639999
33.369999
33.32
33.689999
32.98
30.85
31.85
31.51
30.82
31.809999
29.41
30.530001
30.27
28.620001
28.940001
28.209999
29.950001
29.58
27.5
28.32
28.35
28.860001
27.870001
27.08
26.92
24.42
24.83
23.24
22.5
22.110001
21.809999
21.83
20.860001
21.030001
20.51
20.889999
20.66
21.040001
21.35
21.09
21.32
21
21.450001
21.66
20.85
19.959999
19.51
20.02
19.549999
19.26
19.49
20.49
21.690001
20.99
20.07
20.68
19.790001
19.719999
19.83
20.35
20.85
20.950001
21.209999
20.41
22.200001
21.870001
20.610001
20.74
20.57
21.280001
20.299999
20.25
19.83
19.540001
20.16
20.290001
21.139999
20.190001
19.4
19.309999
20.49
18.91
19.33
19.99
19.959999
19.5
19.26
18.75
18.879999
19.700001
19.709999
19.799999
20.139999
20.059999
19.85
19.440001
18.370001
18.6
18.690001
18.6
18.879999
18.82
20.059999
22.16
21.610001
23.26
21.51
19.780001
20.040001
19.110001
18.309999
18.959999
18.65
18.719999
17.99
18.07
17.639999
17.74
19.450001
19.77
19.91
19.09
18.530001
19.309999
19.309999
19.58
18.639999
18.299999
18.48
19.26
19.870001
20.58
19.15
18.940001
18.030001
18.139999
17.83
19.08
19.91
19.530001
21.110001
22.280001
22.85
22.040001
22.809999
21.23
19.940001
20.690001
20.139999
19.26
18.51
18.92
17.620001
17.4
17.73
17.58
16.969999
17.84
17.16
17.1
18.51
18.25
17.969999
17.790001
16.85
16.040001
16.110001
16.33
16.57
16.99
17
16.629999
17.790001
18.139999
17.780001
17.049999
16.629999
18.139999
18.09
19.139999
19.09
19.08
18.91
17.4
16.110001
16.51
16.74
16.889999
16.08
16.48
16.76
17.549999
16.629999
17.66
17.950001
16.190001
15.8
17.27
16.120001
15.59
16.66
17.059999
17.32
16.65
16.76
17.809999
17.32
17.49
17.959999
18.450001
17.66
16.719999
15.42
16.15
17.32
16.6
17.290001
17.07
15.4
15.77
15.63
14.2
14.73
15.78
15.28
15.37
16.879999
16.549999
17.450001
17.290001
17.84
17.91
17.709999
16.540001
16.41
15.9
15.36
15.12
15.63
15.51
15.33
15.85
16.5
16.379999
15.58
15.32
13.8
14.91
14.59
14.73
14.45
14.81
14.83
15.57
16.120001
18.809999
19.940001
18.98
20.27
19.540001
18.379999
17.98
20.610001
21.059999
20.24
19.58
18.190001
17.110001
16.68
16.33
16.76
15.21
16.17
15.35
15.41
14.96
15.71
15.29
17.290001
16.02
15.59
15.73
15.24
16.610001
15.89
14.42
14.75
15.05
15.55
16.360001
16.27
17.690001
16.799999
16.43
16.450001
17.219999
19.440001
19.23
18.790001
18.780001
18.66
19.700001
19.6
18.48
18.6
18.73
18.790001
18.41
16.09
15.74
15.44
16.6
16.049999
16.43
16.24
16.6
15.79
14.56
15.33
15.54
15.34
14.83
15.06
14.74
15.61
15.44
14.6
14.39
14.78
15.28
15.22
15.27
14.74
15.23
16.25
16.360001
15.86
16.01
15.25
14.86
14.9
13.94
14.27
15.17
15.53
14
16.65
15.82
17.219999
17.24
16.77
16
15.85
16.42
15.56
16.33
16.190001
18.209999
19.969999
18.799999
18.15
18.610001
18.91
19.280001
16.58
17.549999
16.540001
16.99
16.68
15.63
15.4
15.22
14.91
15.35
15.64
15.39
14.97
14.36
14.52
14.16
14.12
13.9
13.64
13.5
13.88
14.29
14.11
13.98
15.98
15.28
14.85
14.93
14.86
14.73
14.09
13.49
13.11
13.05
13.51
14.01
13.33
14.7
14.69
15.21
13.92
15.22
16.280001
16.16
16.32
15.46
14.98
14.59
16.07
16.719999
16.48
16.02
15.83
16.43
15.99
15.05
13.83
13.67
14.11
12.89
13.16
13.11
13.24
14.05
13.41
13.2
13.22
12.79
13.71
12.78
12.58
12.76
12.99
13.27
13.1
12.97
13.02
12.95
13.07
13.52
13.52
13.05
12.37
12.55
12.41
12.34
12.34
12.26
11.78
11.42
11.41
11.53
12.25
11.61
12.25
12.42
13.39
14.01
13.98
14.09
13.47
13.92
13.44
13.94
12.7
12.68
13.13
12.47
13.37
13.75
14.38
14.34
13.84
13.5
13.15
13.63
12.8
12.01
12.03
11.97
11.53
11.66
11.52
11.98
11.64
11.28
11.57
11.4
11.25
11.99
12.18
12.94
12.51
11.75
11.89
11.95
12.88
12.28
12.49
12.36
12.06
12.23
12.62
12.29
12.82
12.44
13.3
13.25
13.65
13.62
13.76
14.61
13.86
14.01
13.96
14.47
13.71
13.64
14.53
14.1
13.75
12.92
12.06
12.09
12.12
11.68
13.4
14.92
18.33
15.28
14.86
16.219999
14.54
15.29
14.27
14.62
14.19
15.75
15.45
15.19
14.44
13.48
13.29
14.11
14.05
14.69
14.43
15.88
16.870001
15.92
14.11
13.35
13.57
13.38
13.12
12.83
12.23
12.06
12.69
13.34
12.35
11.78
12.68
12.22
12.05
12.69
12.16
12.12
11.65
11.22
11.24
10.83
12.51
11.52
10.96
11.19
12.27
12.73
12.31
11.54
11.72
11.75
12.41
11.67
13.91
12.24
10.96
11.03
11.09
10.87
10.61
11.09
10.63
10.8
10.23
11.01
11.12
11.11
11.03
10.4
10.24
11.75
12
11.9
12.12
11.82
12.56
12.25
12.03
12.34
12.36
12.87
12.37
13.35
13.47
12.84
13.67
13.63
13.56
13.92
13.79
14.34
13.49
13.37
12.86
13.21
14.17
13.06
12.72
12.46
11.66
11.76
12.79
12.72
11.89
12.17
12.23
13.07
13.85
13.64
13.27
13.06
12.6
12.92
12.42
12.37
12.5
13.15
14.53
14.56
14.93
15.35
15.56
16.32
15.99
15.3
14.92
15.63
14.18
15.53
16.18
14.96
14.8
14.73
15.45
14.04
14.85
14.99
13.12
12.88
13.11
13.61
13.14
12.68
11.82
11.99
12.16
12.22
11.92
11.19
11.18
11.01
10.96
11.04
11.34
11.77
11.84
12.09
11.1
11.45
11.16
11.49
11.88
11.91
10.86
10.57
10.75
10.66
10.7
11.11
11.32
10.71
10.82
10.37
10.97
11.55
11.36
11.96
12.25
11.22
11.43
11.23
11.35
11.39
11.03
10.98
11.4
12.13
12.62
12.12
12.1
14.44
13.79
12.95
12.89
12.27
12.22
12.45
13.03
12.54
13.37
13.43
13.2
13.41
12.56
13.35
13.34
13.09
12.43
12.19
11.64
12.36
12.27
11.86
11.94
11.79
11.74
12.05
11.79
12.03
12.22
12.92
12.83
12.21
12.52
11.72
11.61
11.17
10.59
11.56
12.11
11.71
11.71
11.19
11.23
11.46
11.69
11.46
11.03
11.42
11.47
11.66
11.24
11.34
11.44
12.44
12.09
13.08
12.93
12.8
12.55
11.52
11.3
11.24
12.26
11.71
11.76
12.27
12.13
11.83
12.2
12.21
11.92
11.39
11.98
12.1
12.22
12.33
12.71
15.12
13.49
13.83
15.54
16.16
18.549999
16.700001
17.870001
16.67
14.92
15.39
18.09
16.469999
14.17
14.97
16.719999
17.209999
17.92
17.9
18.129999
20.950001
23.450001
21.049999
16.559999
16.059999
17.52
16.67
15.95
16.41
16.549999
15.58
16.02
15.28
12.9
13.29
13.92
14.04
13.9
14.17
14.31
13.39
15.17
17.57
18.73
18.200001
17.620001
15.1
16.23
17.08
15.44
15.04
14.26
14.73
15.01
15.49
14.93
15.1
14.03
14.98
15.2
14.76
15.56
14.72
14.15
13.57
12.69
12.69
12.11
12.4
12.42
12.26
12.24
12.41
12.92
12.27
12.14
12.23
12.14
12.8
13.06
14.07
13.79
13.95
13.04
11.4
11.36
11.49
12.28
11.96
11.75
11.43
12.47
12.97
12.23
11.65
11.64
11.75
12.45
12.68
12.64
11.94
11.99
12.07
11.77
11.75
11.5
11.17
11.07
11.36
11.44
11.51
11.06
11.15
11.25
10.88
10.56
10.66
11.36
11.1
10.93
11.61
11.16
11.39
11.06
11.41
10.65
11.01
11.19
10.89
10.47
10.13
10.37
10.42
10.05
10.02
10.81
11.26
12.48
11.41
10.88
11.07
12.01
11.13
11.39
11.35
12.58
11.88
11.2
10.45
10.74
9.68
10.64
11.06
10.3
10.36
10.59
12.03
11.12
10.84
10.95
12.16
12.4
11.84
12.48
11.86
12.34
11.42
10.93
10.64
10.9
10.65
10.8
10.77
10.77
10.41
9.99
10.95
11.5
11.28
11.09
10.32
10.3
10.53
10.55
10.31
10.49
10.42
11.33
11.42
10.19
10.28
10.42
10.62
10.48
10.23
10.41
10.59
12.12
17.209999
17.76
16.700001
20.4
18.309999
16.25
14.34
13.7
14.96
14.87
17.629999
16.91
15.38
15.82
15.01
13.27
12.29
13.13
13.39
13.35
14.28
14.45
14.94
14.91
14.02
13.82
13.57
13.26
13.33
12.72
13.65
12.67
11.86
11.7
12.48
13.16
12.03
12.6
13.12
12.74
13.16
13.12
12.9
14.1
13.52
13.01
12.91
13.34
13.48
13.43
13.31
13.47
13.26
13.88
14.02
13.62
13.01
13.24
12.09
12.77
13.15
13.81
13.86
14.18
12.78
12.77
13.47
13.58
14.07
15.08
16.75
15.31
15.46
16.049999
14.76
13.01
14.42
13.78
12.77
14.8
14.45
16.5
16.459999
18.870001
15.7
15.25
16.48
14.96
15.37
15.36
15.34
15.88
17.690001
16.389999
15.39
15.57
15.58
16.379999
15.43
15.39
16.620001
17.629999
17.77
19.41
20.34
23.639999
20.08
23.709999
22.940001
21.52
25.32
23.33
20.969999
24.459999
28.040001
28.02
25.559999
28.219999
32.68
25.25
29.870001
26.389999
24.33
22.469999
22.75
22.24
23.870001
25.870001
25.4
23.530001
21.93
24.030001
24.43
25.98
26.91
27.110001
25.969999
25.01
26.379999
26.450001
25.790001
19.959999
20.469999
19.440001
19.040001
20.25
17.92
17.120001
17.23
18.440001
17.67
18.879999
18.65
17.549999
17.73
17.15
16.42
16.15
18.68
18.139999
20.07
18.76
19.16
19.15
23.889999
21.290001
21.16
20.84
19.84
19.93
20.459999
20.530001
19.889999
22.559999
25.25
23.5
23.15
26.450001
27.959999
30.57
27.469999
23.35
26.959999
27.040001
26.74
26.120001
26.299999
26.42
26.459999
28.139999
25.139999
24.59
22.67
23.59
24.299999
22.719999
22.68
20.690001
21.16
20.690001
20.82
23.530001
23.530001
24.129999
23.700001
22.620001
21.02
19.82
19.08
19.370001
19.15
19.59
21.870001
22.58
23.110001
23.5
24.620001
23.27
25.610001
24.559999
24.040001
23.76
24.1
23.9
24.110001
27.549999
35.119999
33.84
28.07
26.190001
29.67
26.610001
27.530001
28.780001
25.66
25.09
27.200001
27.75
29.51
27.98
29.139999
26.559999
25.67
24.639999
25.58
25.389999
25.6
24.42
24.99
24.059999
23.440001
21.9
22.690001
23.540001
27.540001
27.190001
25.52
25.450001
28.52
28.129999
27.25
26.389999
27.219999
27.309999
35.139999
32.240002
25.780001
29.84
26.639999
25.75
25.75
25.549999
25.809999
25.709999
25.610001
22.639999
23.84
23
22.450001
22.42
22.360001
22.799999
23.030001
23.459999
23.84
22.030001
21.129999
20.370001
20.15
20.469999
20.629999
20.26
19.6
20.139999
19.860001
20.24
20.780001
18.870001
18.68
18.9
18.48
19.73
19.98
19.17
17.790001
17.98
17.65
16.299999
16.469999
17.02
17.639999
18.92
18.58
20.780001
19.639999
19.08
18.139999
17.83
19.799999
20.639999
20.540001
18.629999
23.559999
24.370001
23.440001
23.610001
23.02
21.219999
20.959999
21.67
22.24
21.58
22.889999
22.690001
22.42
22.23
23.75
24.25
25.139999
23.4
25.92
25.48
25.719999
23.16
25.219999
25.559999
27.49
28.469999
28.190001
24.58
25.01
24.049999
24.02
21.23
21.309999
23.450001
22.91
24.200001
22.030001
22.33
22.66
23.530001
22.99
21.66
20.23
21.15
20.66
20.639999
21.57
22.299999
20.24
19.58
21.76
21.299999
20.43
19.83
18.780001
20.98
20.48
19.360001
19.43
20.65
21.99
22.02
24.540001
22.219999
22.690001
25.469999
25.379999
24.799999
25.66
31.700001
31.959999
36.099998
33.07
32.400002
33.849998
35.700001
35.189999
32.82
36.919998
43.77
39.389999
39.82
45.220001
45.119999
52.049999
53.68
57.57
65.849998
69.949997
55.099998
55.689999
69.209999
67.650002
70.400002
52.950001
63.119999
68.029999
67.800003
79.129997
73.300003
66.959999
69.830002
62.93
60.169998
53.68
47.73
56.709999
63.68
56.09
59.98
61.52
66.449997
62.599998
69.57
70.089996
68.459999
74.260002
80.739998
71.190002
64.760002
60.900002
56.02
60.470001
66.68
62.98
62.189999
63.639999
58.860001
59.48
58.91
55.080002
55.779999
55.68
56.759998
52
49.84
46.009998
44.93
43.189999
45.02
44.27
43.349998
43.990002
41.630001
39.580002
39.240002
38.060001
40.290001
43.380001
41.18
42.060001
45.84
46.240002
49.139999
51
50.119999
51.52
50.650002
50.389999
47.889999
45.110001
42.25
41.34
42.630001
49.419998
45.52
43.060001
43.830002
43.709999
45.400002
45.139999
46.669998
44.52
41.599998
48.139999
48.66
48.540001
47.080002
49.299999
52.5
45.73
43.75
44.66
49.959999
52.650002
48.02
47.560001
50.169998
49.349998
49.68
43.349998
43.529999
40.990002
42.360001
44.23
41.139999
40.060001
43.599998
45.889999
43.240002
42.349998
42.25
40.360001
44.860001
45.540001
45.419998
42.279999
42.029999
41.959999
41.48
40.389999
37.220001
38.32
37.950001
37.849998
36.040001
35.360001
33.939999
40.27
37.139999
38.099998
36.860001
39.459999
39.43
37.950001
36.09
36.5
35.299999
34.540001
33.360001
32.099998
32.360001
32.049999
32.68
32.970001
33.650002
31.360001
32.91
30.23
27.469999
29.030001
31.360001
34.57
30.799999
31.540001
31.67
28.700001
30.040001
29.620001
31.02
29.389999
30.879999
29.77
26.9
27.360001
28.08
29.700001
30.809999
31.190001
31.540001
29.16
30.4
31.299999
30.58
29.450001
27.09
25.93
25.360001
25.73
26.219999
30.32
29
30.85
30.23
29.780001
28.360001
26.309999
25.049999
25.959999
25.42
25.059999
24.280001
24.049999
23.709999
23.870001
24.059999
24.280001
25.469999
25.4
25.4
25.92
25.549999
24.91
24.9
24.709999
24.76
24.98
25.99
25.34
24.77
24.27
27.889999
28.08
26.450001
24.49
25.01
25.129999
24.91
25.129999
24.440001
24.76
26.01
29.139999
28.9
26.98
25.26
25.66
24.4
23.49
25.389999
23.9
23.290001
23.99
23.65
25.34
23.809999
22.9
23.67
25.18
26.26
24.879999
25.190001
25.98
29.34
29.34
26.389999
25.780001
24.68
24.389999
23.120001
23
22.08
23.51
21.719999
21.41
21.549999
20.9
22.219999
20.700001
23.059999
24.379999
24.83
27.16
24.76
30.700001
30.620001
28.809999
27.280001
26.17
24.190001
23.15
22.84
23.040001
24.25
23.360001
22.809999
22.35
21.629999
23.450001
21.98
21.280001
20.23
25.75
24.950001
24.51
21.889999
21.15
21.18
22.32
23.280001
23.209999
22.66
21.450001
21.59
21.09
20.889999
21.889999
21.84
21.459999
20.389999
19.540001
19.67
20.290001
19.870001
20.360001
19.959999
21.68
20.049999
19.59
19.68
19.27
16.93
17.950001
17.940001
18.16
17.629999
18.629999
18.51
18.59
22.27
27.32
26.030001
24.809999
22.790001
23.73
24.33
22.59
22.110001
22.629999
25.690001
26.110001
26.51
26.360001
25.82
23.959999
23.51
22.25
21.719999
21.07
20.16
20.389999
21.23
22.030001
19.879999
19.93
18.83
18.950001
18.860001
18.059999
17.950001
18.18
18
18.9
17.969999
18.280001
17.780001
16.969999
16.959999
16.17
18.299999
16.84
16.85
17.07
18.27
18.17
17.639999
17.66
17.01
17.959999
17.389999
16.719999
17.209999
16.32
15.67
15.98
15.8
15.87
16.190001
19.139999
16.84
15.94
17.48
16.620001
17.52
18.129999
22.08
20.370001
18.75
22.41
22.459999
25.959999
25.879999
32.759998
28.65
31.040001
26.559999
26.17
28.4
31.33
28.67
34.650002
41.790001
47.66
41.740002
43.150002
32.540001
30.24
30.23
34.869999
34.389999
29.65
32.93
35.66
36.529999
32.330002
31
31.790001
27.940001
27.68
26.719999
25.59
24.870001
22.9
25.139999
26.93
27.610001
29.639999
29.200001
31.219999
33.950001
34.41
31.709999
28.82
29.559999
26.5
25.35
24.66
23.290001
24.610001
25.08
25.77
27.02
27.35
23.610001
24.370001
24.790001
24.370001
21.889999
23.93
23.4
25.469999
23.07
22.440001
22.690001
23.040001
23.34
21.85
23.299999
24.959999
27.209999
26.08
27.41
24.719999
24.299999
24.48
26.73
25.969999
27.91
28.299999
26.450001
26.5
25.879999
27.58
25.129999
24.23
21.99
22.77
23.51
22.219999
22.639999
21.059999
21.690001
22.549999
22.65
21.65
22.469999
21.540001
22.559999
23.91
22.610001
22.58
22.92
23.139999
22.85
22.9
23.629999
22.52
21.82
21.309999
21.58
19.33
20
17.92
19.59
20.200001
20.43
20.700001
21.200001
19.700001
19.360001
19.219999
20.52
21.110001
20.280001
21.200001
21.65
21.34
21.66
18.030001
18.07
19.33
18.51
18.940001
19.440001
19.59
20.33
21.26
22.190001
20.309999
19.15
19.450001
20.25
19.42
21.17
23.15
23.27
21.190001
21.129999
19.26
18.799999
17.129999
17.969999
17.32
17.059999
16.82
17.6
17.99
18.030001
17.620001
16.219999
16.200001
16.52
15.44
18.26
17.299999
17.49
17.65
17.91
17.940001
17.34
17.809999
16.799999
17.309999
18.35
16.610001
16.26
16.51
16.67
16.190001
15.89
17.809999
17.030001
18.780001
18.219999
17
16.84
15.94
19.610001
18.59
17.82
17.530001
16.639999
16.139999
16.290001
16.27
16.74
16.530001
16.07
16.299999
16.309999
17.01
16.59
19.459999
20.84
22.280001
20.41
19.120001
17.629999
20.73
19.27
18.559999
19.370001
20.58
20.049999
21.370001
21.719999
21.790001
25.66
24.65
26.940001
23.9
22.1
20.530001
20.59
18.450001
17.870001
18.309999
19.17
17.82
17.9
16.68
17.629999
17.870001
16.75
16.92
16.51
16.74
17.58
16.33
17.77
15.97
18.299999
16.620001
14.31
14.71
15.64
15.36
15.37
15.54
14.56
15.07
16.35
16.84
17.68
17.17
18.59
16.84
16.27
17.27
16.02
17.860001
18.540001
17.559999
15.9
15.88
20.030001
18.07
18.26
17.17
16.110001
15.85
15.95
17.92
18.23
18.42
18.129999
18.15
18.200001
17.93
19.1
18.559999
19.309999
21.370001
21.559999
22.99
19.459999
18.860001
20.23
19.200001
21.6
20.299999
18.620001
16.67
16.059999
16.32
16.459999
15.3
17.139999
17.440001
19.549999
19.08
20.08
20.25
21.25
20.139999
18.809999
18.610001
17.219999
19.26
19.75
20.870001
22.83
25.280001
22.629999
24.219999
23.58
24.57
28.48
36.900002
42.119999
39.330002
41.939999
37.080002
34.73
33.360001
32.09
36.77
45.34
38.799999
41.889999
37.119999
34.43
41.18
33.810001
32.970001
31.200001
31.91
34.290001
39.84
34.240002
34.41
35.529999
42.560001
38.68
36.59
33.43
31.809999
34.799999
32.419998
33
41
42.169998
40.990002
36.59
37.700001
38.619999
40.93
44.25
46.18
40.73
38.240002
35.669998
35.450001
33.950001
31.57
31.99
29.07
30.35
33.369999
32.919998
34.439999
32.759998
31.67
30.68
30.440001
24.719999
26.02
27.09
36.029999
33.529999
31.379999
31.459999
31.4
29.34
31.32
33.09
29.91
31.42
31.74
32.66
33.150002
33.16
34.59
33.119999
32.91
34.610001
31.93
31.76
27.719999
27.629999
26.26
26.74
27.91
28.610001
29.629999
29.610001
26.780001
24.719999
26.16
24.379999
24.16
25.139999
23.559999
22.52
21.08
21.1
22.58
22.120001
23.52
22.860001
22.950001
23.440001
22.75
21.24
21.67
20.139999
21.18
21.01
21.41
20.9
23.200001
20.49
19.91
19.219999
19.76
19.35
17.959999
19.16
20.33
19.07
18.68
18.379999
16.84
17.98
17.93
17.790001
18.120001
20.1
19.639999
19.450001
19.74
21.59
18.73
18.41
18.85
18.73
16.68
19.1
18.67
17.799999
18.02
17.65
18.27
20.57
20.43
18.08
17.16
15.79
14
14.42
15.32
14.43
15.42
15.82
14.72
16.040001
15.65
14.51
14.52
15.58
16.84
14.88
16.35
15.61
17.07
17.02
18.940001
19.1
19.219999
19.629999
17.950001
18.870001
18.66
19.02
18.51
17.92
20.219999
19.219999
17.049999
16.969999
15.83
17.040001
17.27
17.25
16.9
18.030001
19.799999
19.440001
20.65
19.25
19.93
21.469999
21.43
21.540001
21.99
23.27
24.879999
21.76
23.32
22
22.049999
21.700001
22.68
23.83
25.870001
26.35
25.9
23.76
21
22.540001
19.870001
23.15
22.93
24.190001
22.469999
21.76
17.66
17.959999
16.889999
18.65
20.469999
20.01
19.549999
20.33
17.52
17.620001
16.67
17.610001
18.200001
18.17
17.51
17.98
18.82
17.780001
17.309999
16.719999
16.809999
16.059999
16.65
20.41
18.379999
19.790001
17.68
17.110001
17.549999
18.4
18.799999
19.049999
16.049999
15.85
15.55
16.459999
15.39
15.34
14.09
13.91
14.82
14.88
14.23
14.11
14.1
15.32
15
15.99
16.15
16.32
16.610001
17.48
17.25
18.65
17.379999
17.299999
15.6
14.27
16.110001
15.59
15.6
13.82
14.67
14.51
13.95
14.63
13.94
15.06
14.19
15.83
16.379999
15.23
16.030001
15.85
15.63
15.23
13.68
15.19
15.28
16.52
15.33
15.41
16.049999
14.84
15.43
15.25
14.91
17.440001
18.23
18.219999
17.559999
18.030001
17.68
17.77
16.059999
18.33
18.16
17.719999
18.690001
18.799999
18.15
17.360001
16.32
17.74
17.65
15.88
15.11
14.96
15
15.63
15.3
16.43
15.21
15.26
15.81
16.66
16.950001
16.59
16.120001
16.469999
15.94
15.6
15.87
16.68
17.200001
16.389999
16.049999
17.26
19.85
18.459999
18.709999
19.389999
20.32
22.139999
15.24
14.77
14.23
14.53
13.88
13.32
13.33
13.55
13.66
13.97
13.7
13.45
13.52
13.28
12.67
12.73
12.63
13.29
13.87
13.64
14.43
13.37
14
14.21
14.06
13.47
13.2
13.37
12.82
12.88
13.3
12.47
12.81
12.32
14.68
14.6
13.69
17.5
16.57
15
16.1
16.16
13.44
13.18
13.45
12.67
12.31
11.79
12.18
11.7
11.52
13.47
13.03
13.18
13.07
13.34
12.85
12.95
13.72
12.91
13.46
13.11
12.65
14.1
15.64
14.04
13.11
12.66
12.55
12.61
13.12
14.72
15.35
16.34
16.67
15.08
13.81
13.57
13.61
13.94
13.72
13.71
13.88
14.48
12.92
13.06
12.63
12.87
12.91
13.08
12.57
12.61
12.98
13.07
12.73
13.28
13.08
13.45
14.94
14.59
13.67
15.3
14.9
15.02
16.4
16.16
16.860001
17.700001
15.9
15.16
16.91
16.51
18.379999
16.629999
16.530001
16.809999
16.889999
18.4
18.969999
20.870001
18.65
17.23
16.6
17.25
16.9
16.49
17.219999
15.59
14.66
14.33
14.46
13.57
13.9
13.98
13.78
14.2
13.63
13.89
13.23
12.15
12.69
13.47
13.41
13.54
13.45
13.55
12.89
12.66
12.29
12.19
13.17
12.5
12.88
13.52
12.86
12.48
14.14
14.56
14.94
15.22
16
15.26
14.29
14.37
16.559999
16.959999
16.790001
16.75
16.469999
16.879999
16.120001
15.35
15.86
14.89
14.74
13.93
14.27
14.1
14.44
14.68
13.02
13.3
14.04
14.17
14.24
13.8
14.62
17.49
16.309999
16.4
16.629999
17.719999
18.76
19.01
20.190001
17.66
16.309999
17.08
16.41
17.139999
14.52
12.86
13.34
12.99
13.71
13.5
13.16
13.62
13.25
13.72
13.83
13.46
13.35
13.22
13.01
12.99
13.76
12.85
12.8
13.35
12.8
12.12
12.41
13.03
13.56
13.09
12.69
12.55
12.84
12.81
13.06
13.91
14.74
15.03
14.82
13.97
13.97
14.14
13.98
15.44
15.17
15.64
16.040001
15.95
13.59
13.61
13.37
12.85
12.48
12.21
12.87
13.43
14.32
14.06
13.41
12.38
13.04
12.83
12.6
12.18
12.89
12.15
12.32
12.34
12.63
12.57
13.67
14.95
17.290001
17.27
17.950001
16.370001
18.709999
18.57
19.99
19.59
19.09
16.15
15.63
15.29
14.31
15.24
14.21
13.95
14.85
15.28
14.74
14.83
14.17
13.83
14.56
14.22
16.469999
14.53
14.13
13.82
13.51
14.76
14.22
15.37
14.28
16.74
16.389999
15.42
14.56
15.58
13.96
14.7
14.16
13.64
15
14.15
13.88
13.43
13.17
13.02
12.88
14.96
15.59
14.58
13.98
16.66
16.139999
16.139999
14.89
14.09
14.1
13.13
13.35
13.36
13.93
14.27
13.88
14.05
13.64
13.15
13.95
13.65
13.64
13.69
13.55
12.46
12.36
12.42
12.73
13.31
13.17
12.69
12.38
11.93
11.96
11.69
11.6
11.58
11.66
11.69
12.03
12.15
12.09
11.32
11.23
11.3
11.42
11.81
12.45
12.65
12.81
11.8
10.53
10.4
11.26
11.02
12.31
11.51
11.72
11.75
11.28
11.18
10.47
11.15
11.72
11.74
13.22
12.5
11.6
11.53
10.81
11.35
13.34
12.85
11.97
11.54
11.43
12.03
12.93
12.35
12.63
14.35
16.67
16.639999
15.54
17.219999
15.5
16.43
15.16
14.42
13.57
13.05
11.91
12.85
12.14
12.23
11.93
11.88
11.58
11.33
11.69
12.38
11.86
12.32
12.03
12.4
12.37
12.64
12.7
13.36
13.53
12.85
13.54
14.48
13.06
12.55
11.73
13.14
14.82
14.62
14.11
15.77
16.959999
15.49
16.440001
16.700001
15.16
14.46
16.18
17.35
15.64
19.110001
21.16
23.77
26.360001
29.26
21.68
22.110001
17.719999
16.059999
16.07
16.43
17.24
15.69
14.61
15.31
13.84
14.41
15.05
14.15
14.46
13.71
13.16
12.71
13.76
13.33
13.79
14.7
13.86
14.01
14.66
13.16
12.92
12.55
12.27
12.64
14.16
14.1
12.75
12.7
12.08
13.05
16.23
15.56
17.68
20.51
19.59
23.549999
23.9
17.139999
16.57
16.32
14.47
14.52
14.6
16.040001
15.9
15.91
17.76
19.190001
20.33
20.15
17.93
16.440001
18.02
18.209999
22.870001
21.23
22.799999
20.07
20.92
17.98
16.790001
16.959999
17.6
16.969999
20.459999
20.23
20.889999
18.41
17.82
17.290001
16.290001
19.16
17.719999
17.43
16.389999
15.11
15.85
16.74
16.110001
15.73
15.05
14.5
13.64
13.55
14.07
13.9
13.35
14.28
14.01
14.61
15.72
16.469999
16.440001
16.450001
15.47
15.78
16.309999
14.6
14.68
13.52
13.52
13.36
13.26
16.639999
15.73
14.76
14.97
15.32
15.3
15.75
14.57
14.59
14.14
13.2
13.17
14.34
13.58
13.27
13.97
13.67
12.75
12.97
12.96
12.21
12.34
13.26
13.44
13.89
13.98
13.12
13.21
13.93
15.48
13.36
13.35
14.73
13.63
13.14
12.46
13.08
12.95
12.9
13.03
12.37
13.45
14.16
13.49
13.59
13.92
14.72
13.73
14.57
15.01
14.84
15.18
14.24
13.04
13.31
15.48
15.62
14.66
14.03
13.35
13.42
12.5
12.57
12.96
14.13
16.700001
17.6
16.629999
15.43
18.65
17.219999
17.379999
17.459999
17.450001
15.29
13.91
13.35
12.59
11.77
12.25
12.42
12.77
12.06
12.87
15.6
14.87
13.57
12.72
12.03
12.85
12.66
12.02
12.2
13.57
12.73
13.24
15.19
13.87
13.69
14.32
13.41
14.84
16.549999
22.549999
28.030001
31.129999
31.129999
27.110001
26.690001
27.030001
31.91
29.139999
25.209999
27.43
25.049999
22.389999
26.870001
25.379999
24.030001
23.280001
22.57
21.540001
23.07
21.969999
22.969999
22.09
23.530001
21.120001
25.02
26.57
24.639999
23.139999
23.99
20.309999
19.540001
18.959999
18.620001
17.15
17.68
17.08
17.67
17.620001
15.64
15.68
15.17
14.98
15.02
13.46
14.76
15.75
15.14
14.8
14.6
15.41
14.33
14.04
15.39
14.91
15.34
16.690001
15.07
17.059999
18.68
20.51
17.82
19.01
16.25
16.129999
16.15
16.530001
15.55
15.31
15.55
15.61
15.04
15.87
17.43
15.65
17.690001
18.049999
19.25
21.360001
24.700001
20.76
19.25
16.18
19.34
19.639999
17.610001
15.86
15.44
17.65
15.91
16.5
17.969999
22.48
20.75
21.67
23.219999
22.959999
25.58
22.969999
21.719999
24.75
28.959999
25.4
27.780001
27.790001
24.209999
23.299999
23.75
22.879999
22.15
21.59
21.32
21.34
21.49
22.290001
22.09
25.889999
28.299999
25.75
29.01
27.16
24.959999
23.4
22.16
22.389999
20.139999
19.75
22.280001
20.540001
18.889999
20.49
19.84
17.98
17.25
16.48
17.98
18.379999
18.559999
18.17
17.09
17.01
17.6
15.96
15.34
14.05
14.57
14.57
14.57
16.299999
15.65
15.74
13.69
13.73
15.23
13.88
15.39
15.61
15.14
15.34
15.34
15.98
14.49
13.9
13.77
14.87
13.18
13.39
13.2
13.7
14.07
14.01
14.15
14.53
15.21
16.33
14.92
15.47
15.54
16.200001
15.2
13.98
13.92
14.55
15.15
15.72
14.57
15.72
16.370001
16.129999
16.33
16.030001
14.19
13.8
13.49
13.94
14.45
14.42
13.78
13.84
12.77
13.84
14.01
14.89
18.24
21.280001
20.25
20.799999
19.42
17.42
17.67
18.26
19.540001
26.059999
24.379999
21.76
18.120001
16.91
15.59
16.049999
15.87
14.8
14.64
13.25
12.93
13.32
12.5
13.12
12.75
12.53
11.94
11.8
12.8
12.64
12.88
12.61
12.51
12.85
11.89
12.39
13.53
12.73
12.08
11.66
11.4
11.55
11.93
11.61
11.81
12.04
12.57
12.2
11.67
12.53
12.15
12.7
13.62
13.54
14.09
12.94
13.14
13.07
13.47
12.42
11.89
11.74
12.52
20.129999
15.98
17.629999
17.969999
16.41
15.14
14.98
15.07
13.39
12
13.26
13.36
12.9
12.53
14.91
13.75
13.4
13.56
13.11
13.52
14.19
13.71
15.53
16.879999
16.49
17.01
15.82
15.45
14.43
14.04
13.19
12.91
13.66
14.37
15.67
16.309999
16.540001
19.09
19.85
21.860001
19.780001
18.92
20.700001
14.01
14.83
14.69
14.16
13.51
13.37
13.56
13.27
12.26
12.34
12.52
13.4
13.07
12.6
13.4
14.16
13.75
12.19
11.59
12.1
12.59
12.23
12.46
12.88
13.07
12.88
12.5
11.65
11.44
11.32
11.38
12.26
11.89
13.15
13.2
14.07
12.78
11.96
11.7
11.71
11.59
11.56
11.48
11.45
12.2
11.79
12.58
12.58
12.3
11.82
10.79
10.61
10.57
11.1
12.29
11.79
12.37
11.84
11.37
11.39
11.19
11.44
10.85
11.36
11.17
10.84
12.02
11.84
12.05
11.48
11.66
11.81
11.78
12.19
12.31
12.43
11.96
11.59
11.27
11.49
11.75
11.97
12.16
11.39
12.12
11.29
11.38
11.71
11.15
12.95
12.65
12.86
14.78
12.44
11.54
11.37
11.61
12.59
12.71
11.89
13.11
13.17
13.24
14.32
15.16
15.89
16.190001
14.5
14
14.59
13.85
11.56
10.81
10.61
10.72
10.39
10.92
10.15
10.56
10.71
10.51
10.53
9.87
9.75
10.34
10.72
10.54
10.46
11.89
14.06
14.23
12.29
11
10.61
9.82
9.93
10.61
10.1
10.42
10.08
10.08
10.19
10.48
10.27
9.93
11.19
11.12
10.33
11.06
10.63
10.57
10.28
11.03
10.81
10.25
10.13
10.04
11.17
9.79
11.74
11.07
11.2
11.2
12.48
11.26
10.79
10.85
10.07
10.09
9.77
9.86
9.69
9.66
9.52
9.94
9.4
9.25
9.33
10.62
10.53
10.19
10.08
10.47
10.48
10.19
10.04
11.49
11.57
16.17
14.05
11.78
11.59
11.81
15.38
14.59
12.6
11.51
12.06
12.2
12.09
13.33
11.4
11.07
10.33
11.75
12.27
11.93
11.87
11.38
10.66
10.72
10.57
10.51
10.18
10.16
10.04
9.74
9.9
10.08
10.42
9.9
9.74
9.59
9.59
9.3
9.53
9.48
9.23
9.92
10.15
9.95
9.94
9.95
9.95
9.85
10.34
10.22
9.92
10.25
10.89
11.34
11.17
11.12
10.28
10.34
9.79
10.44
9.83
9.63
9.31
9.79
9.94
10.78
11.43
11.53
12.52
12.47
11.75
11.96
10.74
9.6
9.82
10.07
9.72
9.91
10.49
11.19
11.05
11.38
11.63
10.9
10
9.74
9.36
9.78
9.98
10.12
9.46
9.4
9.69
9.59
9.37
10.19
10.04
10.29
10.03
10.95
9.56
9.01
9.1
9.61
9.41
10.11
9.69
9.74
10.42
11.35
12.01
12.3
11.59
10.77
11
11.27
11.4
11.71
13.93
14.23
13.05
13.64
18.440001
37.32
31.379999
27.290001
32.18
27.25
26.940001
23.48
18.389999
18.74
20.530001
20.76
20.57
17.959999
16.530001
15.83
18.08
19.959999
22.469999
21.549999
18.25
20.110001
17.559999
16.41
15.28
15.7
16.59
16.99
16.6
16.629999
18.379999
17.76
18.129999
24.02
23.41
20.33
22.52
22.870001
21.07
23.030001
21.68
19.76
20.33
21.27
20.51
20.950001
19.83
18.27
17.59
16.16
15.3
15.55
16.16
17.290001
16.16
18.139999
18.07
16.219999
15.31
16
15.48
15.78
15.94
15.05
14.53
14.54
13.36
13.22
13.09
13.13
14.38
13.54
13.18
12.99
13.03
13.5
12.73
12.44
14.39
16.6
14.93
14.92
13.91
12.91
12.1
11.66
12.54
12.52
12.29
12.13
12.98
12.19
12.79
14.61
12.9
12.54
14.6
15.07
16.709999
16.52
17.540001
15.73
17.700001
15.37
15.62
14.99
13.02
12.52
14.05
13.07
12.39
12.77
12.91
11.87
12.2
13
13.47
12.61
12.37
12.45
12.17
13.63
13.98
13.09
13.57
12.43
11.91
11.12
10.93
10.94
12.34
14.5
13.93
13.52
14.18
13.18
12.57
12.47
13.09
12.03
12.13
12.37
12.01
12.34
12.25
13.54
13.13
13.69
14.21
14.72
15.09
13.96
13.07
12.91
12.13
12.72
13.48
12.61
11.82
11.76
12.46
12.28
12.21
12.77
12.59
11.99
12.47
11.66
12.84
14.29
16.049999
16.120001
16.030001
23.07
21.629999
21.969999
20.280001
17.059999
18.02
19.24
19.379999
22.18
21.6
24.780001
24.51
24.48
23.940001
22.719999
20.959999
18.52
20.58
19.84
18.030001
16.18
16.870001
17.26
19.450001
20.52
20.41
20.040001
18.780001
20.76
21.66
21.23
20.780001
19.41
18.870001
18.65
19.18
16.040001
16.84
23.530001
22.42
23.950001
22.959999
21.91
21
21.57
22.360001
24.68
25.15
26.09
28.24
29.290001
35.5
31.200001
29.969999
27.59
27.540001
25.68
24.360001
22.059999
20.959999
20.440001
20.98
19.68
19.84
18.530001
18.08
19.51
17.799999
18.530001
20.85
19.690001
18.43
18.559999
19.450001
19.15
17.389999
16.629999
16.719999
15.79
15.44
15.66
16.809999
16.17
15.23
15.46
15.61
16.82
15.65
14.92
14
14.46
13.91
15.16
15.53
15.17
14.57
13.77
14.52
14.91
16.33
17.379999
16.280001
13.97
14
13.35
13.21
13.13
12.89
13.54
14.11
13.77
17.76
16.219999
14.52
15.38
14.19
13.9
13.62
13.06
13.84
13.46
13.55
13.46
14.09
13.37
12.96
12.46
12.26
12.12
12.8
13.21
12.66
12.53
13.29
13.44
13.04
13.11
12.86
14.35
14.11
12.89
15.9
18.950001
21.4
18.790001
18.620001
19.4
17.57
16.690001
15.89
15.88
15.86
15.06
15.93
16.34
16.549999
18.549999
17.469999
19.049999
19.41
18.74
17.059999
16.25
15.65
16.299999
15.84
16.26
16.16
16
15.65
14.89
15.05
14.04
14.74
15.46
15.43
16.1
15.66
15.7
13.85
14.16
13.18
13
13.73
14.47
14.38
13.01
12.76
12.58
12.61
12.62
14.45
13.31
14.55
13.42
12.8
12.24
12.58
12.15
12.87
13.83
15.41
17.690001
19.959999
22.290001
20.700001
19.360001
18.139999
17.870001
21.280001
17.809999
21.58
20.48
17.93
16.780001
17.01
16.120001
16.15
20.34
20.18
20.549999
19.02
17.940001
20.959999
18.23
16.92
15.92
15.26
15.53
15.33
14.69
14.16
14.89
14.92
14.61
14.66
13.94
15.35
14.77
17.049999
16.23
15.77
17.23
16.02
18.75
20.110001
19.42
18.27
17.610001
19.940001
19.280001
17.35
15.66
13.94
13.94
13.79
14.2
14.24
13.99
14.83
13.98
13.53
13.01
13.16
13.08
13.51