17.24
18.190001
19.219999
20.110001
20.26
22.200001
22.440001
20.049999
24.639999
26.34
24.18
24.16
24.34
22.5
26.700001
24.719999
25.389999
25.629999
26.280001
26.440001
27.25
25.360001
24.870001
24.32
24.540001
24.690001
24.290001
23.77
23.690001
24.379999
23.76
22.049999
19.709999
20.780001
22.780001
23.889999
22.540001
23.690001
23.559999
22.690001
21.99
21.9
21.34
22.030001
20.549999
19.1
19.74
20.299999
20.07
21.049999
19.65
18.809999
17.620001
18.290001
19.059999
20.1
22.74
20.459999
19.59
21.01
19.77
18.459999
19.73
22.84
20.440001
22.030001
21.209999
21.76
22.299999
21.690001
17.73
19.799999
20.75
20.379999
22.67
22.459999
23.33
24.16
21.700001
20.860001
20.25
22.190001
19.52
18.43
19.32
17.809999
17.280001
17.65
18.49
18.639999
18.59
19.809999
20.139999
19.49
17.709999
17.27
17.200001
16.719999
17.84
17.18
17.700001
17.32
18.75
17.440001
17.370001
17.09
18.389999
18.969999
17.42
16.879999
17.58
16.34
16.6
17.379999
17.4
15.9
17.709999
15.23
15.27
14.72
19.360001
17.059999
16.290001
16
16.18
15.5
16.26
16.110001
17.25
16.41
16.66
16.92
16.68
17.059999
17.09
16.75
16.66
18.9
18.559999
15.63
23.68
21.790001
20.190001
20.26
21.120001
21.16
21.110001
21.639999
20.43
28.74
35.91
32.75
28.27
24.389999
25.75
25.74
24.18
23.309999
27.16
27.530001
26.459999
28.9
30.549999
36.470001
33.93
29.629999
29.120001
27.379999
29.889999
29.9
29.58
28.52
30.190001
28.73
29.34
28.379999
28.120001
29.33
30.559999
29.549999
28.82
27.879999
28.66
30.040001
30.559999
28.809999
28.190001
28.67
29.110001
28.059999
27.280001
27.9
27.51
27.85
28.040001
30.709999
31.190001
33.98
31.940001
31.639999
31.450001
31.370001
29.6
27.860001
27.27
27.57
28.280001
29.040001
30.75
31.540001
30.52
30.040001
30.25
30.030001
29.85
29.110001
30.870001
30.790001
26.959999
25.6
24.58
22.889999
22.57
21.34
20.950001
20.09
21.09
20.98
22.76
22.860001
22.959999
23.91
22.16
22.290001
22.030001
20.940001
22.620001
22.59
23.58
23.75
21.280001
23.049999
23.85
24.85
23.110001
23.08
23.129999
22.66
24.030001
24.18
24.809999
25.049999
26.379999
26.620001
27.93
27.190001
28.950001
30.379999
33.299999
31.33
32.630001
36.200001
36.16
33.200001
27.450001
25.389999
24.33
24.9
23.92
22.860001
22.200001
23.049999
23.17
21.370001
20.91
21.040001
21.860001
21.459999
22.68
23.6
23.379999
22.559999
22.26
20.860001
21.48
19.57
19.84
22.26
20.780001
21.01
22.860001
20.379999
21.26
21.23
21.23
20.860001
20.450001
20.549999
21.049999
20.809999
20.879999
18.82
16.09
14.94
14.9
15.79
16.110001
16.040001
16.860001
16.49
16.76
16.309999
16.549999
16.879999
17.42
17.4
17.610001
18.01
17.629999
17.41
20.120001
19.73
17.24
18.450001
16.5
15.82
15.47
16.26
15.68
16.780001
17.02
16.719999
17.15
17.27
18.27
18.24
17.77
17.52
17.24
17.92
17.459999
17.780001
17.17
17.540001
17.66
18
18.379999
17.24
16.639999
17.1
16.07
16.16
16.110001
15.23
15.67
15.9
16.02
15.93
16.870001
16.17
16.4
16.93
16.98
17.469999
17.32
17.719999
16.99
15.98
15.5
16.139999
17.440001
16.75
16.51
18.280001
17.85
17.98
17.870001
19.549999
18.639999
17.629999
19.469999
18.35
20.290001
19.76
19.190001
17.389999
18.290001
17.780001
17.49
17.52
15.77
15.5
16.9
16.58
16.41
15.74
15.45
15.67
15.47
15.18
15.47
15.26
15.92
15.54
15.56
15.98
15.45
15.26
14.73
15.09
15.19
16.01
21.190001
18.860001
15.62
14.59
14.41
14.81
15.46
15.31
14.82
14.46
16.57
17.18
17.309999
16.76
17.73
18.219999
17.959999
16.209999
17.879999
17.82
17.68
17.559999
17.559999
17.08
16.379999
16.040001
15.68
15.35
16.309999
15.85
14.81
15.81
17.040001
15.63
18.58
17.809999
18.540001
17.799999
17.6
16.709999
16.219999
14.85
16.32
15.87
16.66
16.549999
16.26
15.62
15.75
15.45
15.55
15.46
15.48
15.6
16.35
16.48
16.469999
15.97
15.43
14.89
14.04
13.95
13.96
21.18
18.280001
20.34
20.4
19.110001
21.200001
21.92
19.799999
19.84
20.26
20.18
19.700001
19.540001
20.190001
19.040001
19.74
19.889999
20.57
19.08
17.879999
17.620001
18.120001
17.780001
17.959999
17.65
16.610001
15.67
15.44
15.7
17.629999
19.309999
20.15
19.23
19.49
20.299999
19.27
19.41
18.889999
19.049999
17.73
17.91
18.43
16.77
16.719999
18.190001
17.58
16.73
16.33
16.82
17.700001
18.040001
17.75
17.51
19.209999
18.719999
18.35
18.93
19.309999
19.25
18.57
18.23
18.030001
17.620001
18.32
17.690001
17.32
17.41
17.549999
17.1
16.74
17.08
17.17
17.5
17.41
17.92
18.889999
20.040001
20.68
19.629999
20.34
21.059999
18.879999
19.129999
17.84
16.969999
16.85
16.9
17.629999
16.700001
16.41
16.6
16.09
16.530001
16.559999
17.110001
17.17
18.32
17.200001
18.809999
21.440001
18.959999
17.43
17.51
16.82
16.450001
15.58
16.540001
16.860001
16.15
16.75
16.83
16.93
16.9
16.4
15.94
17.360001
17.76
17.120001
17.33
17.290001
16.34
15.9
15.87
15.88
16.190001
16.059999
15.46
14.4
14.19
15.12
14.31
15.28
14.36
14.57
14.28
14.84
15.22
14.97
14.32
14.96
15.6
15.98
16.620001
16.950001
15.48
16.110001
15.23
18.08
18.530001
17.530001
17.790001
15.29
14.75
15
15
14.41
14.31
13.57
14.83
15.43
15.86
16.360001
15.41
14.12
14.57
14.39
13.08
12.88
13.48
13.54
12.81
14.01
13.9
14.16
14.95
14
13.79
13.79
13.64
14.33
14.33
14.34
14.79
14.28
15.43
15.92
15.57
15.79
15.7
15.54
14.81
14.84
14.72
15.48
16.48
16.52
15.41
13.86
13.42
13.89
13.44
13.09
12.88
13.16
13.9
13.92
13.28
13.02
13.37
13.75
14.86
14.41
13.94
13.72
14.1
14.11
13.86
14.98
15.42
15.36
14.89
16.309999
17.799999
25.129999
20.42
21.08
19.940001
21
20.620001
18.440001
18.52
18.15
17.67
17.35
17.1
17.08
16.24
17.209999
17.32
16.75
16.66
15.83
16.6
17.129999
17.92
16.870001
16.1
15.68
15.14
14.71
15.02
16.360001
14.86
14.89
15.85
14.98
15.1
14.2
13.95
13.37
12.95
12.67
13.67
13.89
13.49
12.78
12.46
12.61
12.38
13.34
13.37
13.52
12.83
12.92
12.88
12.6
12.58
11.97
12.81
11.9
11.99
12.85
12.84
13.6
13.05
13.92
14.08
14.17
15.06
14.39
13.57
13.87
13.02
12.33
11.96
12.17
12.17
12.34
12.45
11.74
11.65
11.5
12.61
12.46
13.16
12.92
12.89
12.34
12.84
13.45
13.94
13.76
14.26
13.65
13.66
16.450001
16.34
16.65
15.74
15.25
15.43
15.03
14.79
13.82
14.11
13.8
13.71
14.02
14.13
16.299999
15.43
14.72
14.27
16.370001
15.06
14.68
15.18
15.07
13.89
14.42
13.37
12.89
12.81
12.38
13.04
12.82
12.9
14.05
14.85
15.06
14.84
14.58
13.65
12.78
12.95
12.41
11.97
11.5
12.35
12.54
12.82
13.01
13.98
15.45
15.45
13.78
13.44
12.67
13.52
13.07
12.75
13.72
13.48
14.71
14.19
14.11
14.79
14.97
14.85
14.62
15.02
15.11
14.96
14.8
14.34
13.82
13.73
13.86
14.63
14.21
14.12
13.51
14.78
15.22
15.88
14.24
13.42
12.36
12.97
12.84
12.87
12.4
12.65
12.07
12.33
12.97
12.15
12.88
11.79
11.72
12.24
11.67
14.37
14.15
13.43
11.84
11.15
11.81
11.67
10.95
11.17
11.74
12.12
12.28
11.94
11.78
11.77
12.22
11.87
11.85
12.06
12.06
12.3
12.23
12.63
13.18
13.14
13.1
12.72
13.17
13.25
12.44
12.71
12.25
12.07
12.11
12.47
12.66
12.68
12.77
12.55
12.28
13.1
12.22
12.64
11.73
13.33
13.89
13.38
12.16
12.44
13.83
13.43
13.78
14.05
14.73
18.309999
14.81
13.85
12.78
12.85
12.86
13.11
13.23
12.56
13.6
13.76
13.13
13.56
13.42
13.37
14.79
13.35
12.4
11.63
12.27
12.08
11.68
11.64
11.75
12.34
12.2
12.31
12.1
11.8
12.19
12.37
13.87
15.16
16.459999
16.120001
14.36
14.34
14.66
14.61
15.3
15.73
16.290001
15.62
15.51
16.450001
14.86
13.89
14.53
14.65
14.63
14.4
14.22
13.4
14.53
14.76
14.24
13.24
12.69
11.51
11.23
11.49
11.18
11.67
11.47
10.6
10.03
9.55
9.79
9.96
10.84
11.09
11.66
13.42
12.87
11.47
11.74
12.14
11.3
12.08
12.41
12.84
11.22
12.07
11.72
12.15
11.83
11.21
11.93
11.96
11.87
11.28
10.31
11.2
11.21
10.86
11.26
15.63
15.37
14.44
13.89
14.96
15.18
14.62
14.15
13.39
14.33
15.4
15.17
14.14
16.309999
15.19
15.21
17.040001
17.940001
16.67
16.629999
14.96
16.389999
15
16.93
16.139999
17.48
15.18
15.89
13.33
13.74
15.07
13.97
12.76
14.14
13.83
16.24
16.959999
18.84
21.940001
28.299999
21.629999
18.34
18.24
17.58
17.66
17.450001
17.959999
17.26
16.66
17.879999
17.76
18.139999
16.559999
15.4
15.31
14.8
14.88
14.34
14.78
14.45
14.8
15.34
15.54
16.65
16.07
16.280001
16.16
16.110001
15
15.22
13.82
12.46
13.03
13.94
13.17
13.47
12.66
13.01
13.46
13.47
13.06
13.36
13.03
14.12
13.72
13.28
13.04
12.61
11.93
12.39
11.89
12.33
14.21
14.99
14.76
14.28
17.27
17.709999
15.75
14.75
15.43
15.26
15.48
15.63
14.64
14.88
14.61
14.16
12.98
12.88
11.54
11.68
11.91
12.13
12.56
11.89
12.38
12.02
12.26
12.15
11.74
11.76
11.43
11.61
12.3
12.98
12.7
13.32
12.63
12.89
12.13
12.73
12.79
11.62
12.6
13.34
13.23
11.85
12.05
12.27
12.84
12.81
11.81
12.43
12.66
11.73
12.24
12.49
12.03
13.56
14.91
14.59
14.38
13
13.12
13.26
14.45
16.08
13.94
14.87
15.01
15.13
13.82
14.4
14.56
16.4
16.969999
16.719999
16.370001
15.73
15.62
14.16
15.21
14.97
14.33
15.31
15.6
15.33
16.450001
16.459999
17.219999
17.18
16.030001
15.9
15.22
15.17
15.18
15.47
16.43
16.870001
17.870001
16.92
17.33
16.74
16.91
16.99
17.01
16.030001
16.139999
16.27
16.379999
17.389999
19.57
18.51
17.620001
16.76
16.870001
17.040001
17.139999
17.030001
16.860001
17.639999
18.16
17.219999
17.440001
15.17
15.11
13.79
13.13
13.67
13.48
12.94
12.59
12.04
12.37
13.21
12.87
13.48
14.71
14.15
14.19
13.76
14.08
13.25
13.13
13.56
11.86
11.53
12.48
11.9
12.34
12.48
13.89
12.51
12.26
11.52
11.41
12.67
12.25
11.95
11.63
11.47
11.67
11.41
11.49
11.98
11.71
11.77
11.78
11.74
11.99
12.06
12.52
11.76
11.35
11.32
13.01
12.39
11.93
12.02
11.91
12.65
14.77
14.27
13.98
13.27
12.46
12.61
12.68
12.38
12.13
11.9
11.83
11.72
11.75
11.24
12.11
11.65
12.93
13.03
13.79
14.09
12.95
13.34
13.22
13.66
13.42
13.6
12.84
11.87
12.89
13.07
14.48
12.94
12.26
12.09
12.53
12.84
12.15
12.37
12.68
12.33
11.82
13.46
12.66
12.37
13.01
13.44
13.59
12.61
12.64
12.65
12.65
13.49
13.6
12.27
11.74
11.85
11.99
12.56
12.97
12.96
12.85
13.31
14.05
13.63
13.99
13.03
13.45
12.72
12
12.19
12.05
10.95
11.35
11.47
11.6
11.73
11.51
12.12
12.57
12.41
12.19
11.51
12.55
12.39
12.39
12.11
12.87
13.06
12.75
13.3
12.96
12.69
13.05
15.26
13.8
13.27
12.77
13.05
13.67
13.35
13.82
13.87
14.15
13.98
14.49
13.81
13.99
13.31
13.02
13.35
13.34
14.35
12.76
12.59
12.83
12.27
13.78
12.98
13.37
13.52
12.69
13.2
13.8
12.42
11.95
11.68
12.03
12.08
12.53
11.94
12.09
12.15
12
11.93
11.84
12.72
13.31
12.81
13.18
12.94
13.43
13.23
13.95
12.87
13.25
14.37
14.94
15.42
16.290001
14.71
15.52
16.469999
14.82
14.64
14.39
15.35
14.86
14.56
14.38
13.77
14.7
14.33
14.72
16.99
15.9
14.8
14.08
13.98
13.64
13.08
13.45
13.99
13.03
13.19
13.45
14.1
13.97
13.9
13.01
12.8
13.27
12.34
11.96
12.8
12.7
12.26
11.96
11.92
11.64
11.35
11.98
13.17
13.18
12.67
12.21
11.34
11.51
11.44
12.22
14.86
15.42
12.34
13.01
11.58
11.87
12.65
12.37
13.14
13.39
12.29
14.23
14.74
13.22
15.48
16.870001
16.1
15
15.13
15.33
14.31
14.36
13.57
13.53
13.67
12.99
12.99
12.65
12.34
12.42
13.04
12.87
13.48
14.04
14.68
14.77
14.11
15.4
14.99
15.42
15.6
16.309999
16.35
17.18
15.56
14.57
15.81
16.389999
17.030001
16.84
17.389999
17.92
17.030001
16.68
16.58
17.1
21.360001
21.26
19.809999
18.870001
18.200001
17.1
17.389999
18.42
19.450001
18.360001
17.42
17.98
18.26
18.299999
18.32
18.879999
18.709999
17.34
16.559999
16.200001
20.780001
17.42
20.459999
21.09
18.73
17.540001
16.559999
17.299999
17.059999
15.4
15.7
15.46
15.13
15.35
14.93
15.67
16.01
16.870001
18.959999
17.389999
17.870001
17.24
18.690001
17.049999
16.32
16.26
15.18
15.83
16.01
15.2
16.360001
16.370001
16.1
16.41
15.76
16.969999
17.75
17.139999
16.290001
17.030001
16.389999
16.450001
16.860001
17.690001
17.16
16.82
17.200001
17.67
18.879999
17.9
17.469999
17.709999
17.309999
16.120001
16.379999
15.85
15.57
15.1
13.92
14.08
14.45
14.66
16.84
16.83
16.02
16.469999
19.200001
17.5
20.110001
27.049999
20.34
19.57
17.860001
21.309999
21.799999
24.190001
19.690001
18.799999
20.51
21.57
20.200001
19.389999
17.49
17.540001
17.879999
17.17
16.58
16.530001
16.5
17
16.610001
16.09
15.73
15.49
15.54
15.1
13.91
15.08
15.66
15.62
15.98
16.690001
17.25
19.780001
19.07
20.530001
18.190001
17.129999
16.799999
16.559999
16.09
15.89
15.96
16.219999
16.459999
16.49
16.18
16.74
16.9
16.33
16.51
16.66
17.08
17.52
17.120001
16.98
15.46
15.51
15.63
16.299999
16.35
15.57
15.38
16.77
16.07
15.46
15.55
16.23
16.790001
17.16
17
17.620001
18.360001
18.84
19.209999
18.33
18.299999
18.610001
17.67
17.33
17.52
16.549999
14.73
16.139999
15.41
14.62
14.88
15.48
15.61
16.1
16.530001
15.24
16.030001
17.67
17.219999
18.26
18.73
18.82
18.92
18.52
21.879999
18.52
17.91
20.43
20.450001
21.32
22.040001
22.129999
20.08
18.969999
19.719999
19.67
19.219999
18.709999
19.129999
19.719999
20.92
22.799999
19.92
20.440001
20.709999
20.530001
21.1
20.82
20.23
20.1
19.74
20.07
19.82
19.18
18.700001
18.02
18.59
20.07
20.52
21.059999
20.690001
20.08
19.469999
20.07
19.690001
21.389999
20.68
19.879999
21.129999
20.719999
19.889999
19.73
19.360001
20.059999
20.65
21.540001
21.41
20.959999
20.200001
21.25
21.32
21.549999
21.889999
20.83
20.08
20.51
19.549999
20.139999
19.459999
19.809999
20.49
19.950001
21.91
21.559999
21.950001
21.91
20.67
20.719999
19.940001
18.75
20.790001
22.440001
23.040001
21.76
21.49
20.719999
19.27
18.780001
18.9
19.02
20.02
20.129999
19.02
18.51
18.77
19.139999
20.459999
20
20.549999
20.99
21.469999
22.26
20.66
20.290001
20.879999
18.879999
20.129999
22.26
21.530001
21.48
21.5
20.85
21.02
21.32
21.139999
21.82
21.950001
21.719999
19.620001
19.24
18.52
19.92
19.58
19.77
19.48
21.190001
20.01
20.389999
20.370001
19.48
19.66
19.280001
19.24
18.940001
19.76
20.209999
20.959999
20.66
21
20.360001
21.639999
21.58
22.280001
22.129999
21.35
21.91
21.540001
20.74
18.639999
19.379999
19.219999
20.51
20.290001
19.34
19.84
20.1
19.84
20.82
23.049999
23.709999
23.17
21.57
22.1
20.969999
22.139999
22.370001
22.059999
21.98
22.969999
23.34
21.780001
20.889999
19.98
23.23
23.58
23.9
25.469999
23.879999
25.049999
26.309999
23.309999
22.629999
24.08
26.24
24.459999
24.91
25.379999
25.530001
25.059999
25.91
24.959999
25.6
24.860001
24.540001
24.77
24.639999
27.33
26.360001
26.15
25.1
24.799999
23.870001
23.059999
22.870001
22.620001
23.879999
23.33
22.67
23.23
22.91
22.99
22.73
22.17
22.23
21.65
21.91
23.5
20.540001
20.700001
20.969999
21.01
21.049999
22.85
21.459999
20.209999
20.17
24.110001
23.49
32.639999
48.639999
34.43
38.560001
37.25
32.669998
33.279999
32.66
33.450001
38.220001
36.759998
36.919998
37.860001
38.459999
36.299999
32.619999
32.34
31.27
28.809999
27.67
30.120001
30.32
28.950001
28.27
27.860001
26.059999
25.549999
24.059999
23.049999
23.530001
23.790001
25.219999
28.01
27.92
28.809999
26.51
26.790001
27.629999
33.080002
29.42
29.860001
30.83
30.040001
28.77
26.280001
24.52
24.93
25.02
25.969999
27.43
26.700001
29.35
31.08
26.790001
25.040001
24.4
22.360001
23.139999
23.59
23.690001
24.41
24.43
23.17
22.4
21.969999
21.780001
21.559999
21.48
21.17
21.450001
21.25
21.9
21.27
21.040001
21.219999
20.52
21
20.379999
20.190001
19.870001
19.719999
19.690001
19.290001
19.02
18.940001
19.379999
19.58
19.83
21.059999
19.969999
20.450001
20.01
19.559999
19.209999
19.43
19.34
19.040001
19.059999
18.530001
18.84
20.18
20.65
23.549999
23.540001
24.23
24.92
24.35
24.969999
23.07
22.25
22.639999
24.299999
23.5
22.389999
23.57
23.940001
21.709999
22.360001
22.32
21.25
20.540001
19.83
20.77
22.42
27.469999
24.879999
23.690001
21.370001
20.92
20.559999
21.73
22.889999
23.9
21.1
21.4
21.700001
20.719999
20.83
21.049999
22.209999
21.129999
20.34
19.950001
19.549999
22.07
25.1
21.92
21.530001
23.32
22.66
22.889999
23.15
20.52
20.860001
21.049999
21.93
23.65
25.049999
26.030001
26.49
23.51
23.059999
22.120001
23.08
21.18
20.549999
20.32
19.950001
19.58
19.879999
19.35
18.68
19.18
18.85
18.32
18.49
18.540001
18.51
18.32
18.65
18.07
16.5
17.73
20.35
21.299999
24.08
24.540001
24.690001
26.68
25.15
23.809999
25.120001
26.309999
31.059999
32.59
29.93
27.66
29.129999
33.669998
29.75
29.98
34.610001
34.77
30.809999
29.26
30.540001
36.93
32.580002
30.82
32.650002
39.48
42.779999
45.02
44.939999
36.759998
42.68
44.189999
40.34
39.799999
46.560001
48.060001
40.889999
38.73
37.73
40.110001
39.84
42.740002
38.91
35.139999
35.900002
37.290001
35.240002
38.389999
41.150002
43.98
43.380001
45.560001
42.049999
44.84
49.529999
45.360001
40.560001
41.599998
40.93
39.66
35.779999
36.009998
33.360001
34.549999
34.169998
32.700001
33.259998
33.27
33.77
32.259998
28.709999
28.719999
28.190001
27.940001
28.309999
26.469999
28.719999
28.59
29.07
29.66
29.6
29.58
30.559999
28.459999
26.4
24.01
22.23
23.65
23.68
22.469999
26.01
27.4
26.52
28.77
26.76
25.959999
26.25
26.48
26.91
28.83
31.67
31.379999
30.280001
29.42
26.959999
24.639999
24.450001
22.059999
21.780001
23.969999
24
23.559999
24.76
26.959999
25.98
23.379999
24.9
24.08
25.809999
28.32
32.849998
33.66
32.560001
30.610001
29.040001
31.370001
32.810001
32.709999
30.959999
29.809999
29.51
28.549999
27.74
29.459999
29.030001
29.49
30.540001
30.77
31.41
31.75
30.16
30.459999
30.040001
30.950001
31.139999
30.120001
28.83
26.9
27.209999
29.709999
29
29.870001
29.280001
29.9
27.809999
25.440001
25.209999
25.290001
25.389999
24.98
25.360001
25.9
25.559999
26.49
25.24
24.35
25.549999
27.74
27.309999
25.379999
24.809999
23.959999
24.34
23.299999
22.870001
23.200001
23.040001
23.26
23.51
22.59
23.41
23.35
24.959999
26.24
24.24
26.5
26.09
24.879999
22.809999
23.129999
23.940001
23.709999
24.48
25.549999
26.469999
25.77
25.700001
27.219999
28.58
26.42
26.98
26.209999
27.08
25.559999
27.780001
29.209999
28.76
26.41
25.26
24.84
27.799999
29.139999
29.620001
28.68
27.26
27.99
27.780001
26.700001
25.459999
24.49
24.280001
24.26
26.15
27.01
26.799999
26.23
24.57
23.120001
23.030001
22.9
21.889999
22.48
23.940001
22.25
22.969999
23.549999
23.34
21.43
19.450001
20.75
21.24
21.01
18.75
20.120001
20.74
20.379999
19.33
18.48
19.49
21.950001
21.780001
23.379999
23.690001
25.74
24.540001
23.73
25.08
24.709999
25.790001
26.540001
27.5
29.92
27.18
27.98
30
27.27
25.059999
23.799999
23.75
22.860001
23.309999
24.959999
24.07
23.129999
23.629999
22.41
21.26
22.01
24.65
25.540001
24.18
25.559999
21.549999
23.65
24.27
24.08
22.540001
23.35
24.17
24.889999
27.540001
24.5
24.360001
26.07
26.49
27.84
29.209999
27.15
28.58
26.690001
26.469999
26.290001
25.26
26.459999
23.860001
23.82
22.68
21.049999
23.02
26.57
27.469999
29.4
29.809999
26.559999
25.48
25.709999
22.08
24.15
24.26
25.379999
22.5
22.370001
22.91
23.32
23.57
23.309999
22.120001
22.58
22.959999
22.690001
22.68
22.940001
23.24
22.77
21.25
20.700001
19.799999
20.459999
21.860001
20.85
23.469999
24.290001
24.209999
23.41
22.290001
19.82
21.469999
21.549999
21.33
22.309999
22.15
22.48
23.25
23.77
22.950001
21.459999
24.219999
24.02
22.84
21.629999
23.34
23.690001
23.370001
25.17
25.200001
26.15
27.18
29
26.709999
25.17
22.49
22.629999
23.49
23.1
20.15
21.629999
22.16
22.6
21.91
24.440001
24.280001
23.190001
24.389999
26.540001
27.43
24.74
24.74
23.73
21.77
23.27
22.08
22.9
23.549999
24.799999
24.889999
24.75
23.83
23.48
26.370001
28.120001
25.370001
25.940001
25.370001
26.190001
23.879999
22.719999
22.1
20.040001
21.74
24.49
25.200001
24.18
21.690001
23.26
24.41
24.76
21.92
22.559999
23.26
23.450001
22.02
22.42
23.959999
24.799999
25.200001
25.02
25.870001
24.969999
25.860001
31.16
30.01
27.83
25.639999
26.040001
28.08
28.98
29.4
33.790001
34.310001
28.129999
27.23
27.209999
28.5
26.450001
27.24
29.5
26.799999
26.440001
28.5
32.889999
32.060001
29.540001
29.049999
29.68
30.6
29.120001
26.33
26.700001
25.15
25.110001
24.030001
26.15
27.9
26.120001
26.73
25.030001
24.91
24.780001
24.09
23.209999
21.68
23.290001
23.24
23.4
23.530001
22.49
22.75
23.389999
21.74
21.629999
20.9
21.360001
21.23
21.25
22.290001
22.82
25.01
22.17
21.870001
21.16
19.780001
20.51
21.65
21.51
20.25
20.629999
20.450001
20.299999
20.17
19.59
20.129999
19.92
19.83
19.190001
19.389999
19.99
19.74
19.99
20.190001
20.98
21.17
20.84
20.200001
20.379999
18.969999
19.360001
19.07
19.280001
19.190001
19.360001
18.99
18.27
18.120001
18.059999
17.51
17.709999
17.83
17.74
17.59
17.059999
17.110001
17.1
17.959999
17.450001
17.77
20.059999
20.92
20.51
19.07
19.1
19.040001
18.76
18.51
18.719999
20.35
20.25
21.18
20.709999
22.66
21.66
22.09
22.1
21.309999
20.57
21.559999
21.85
22.66
21.299999
23.35
24.67
25.02
28.370001
30.549999
29.42
27.65
28.290001
30.799999
27.02
24.629999
25.129999
24.809999
26.780001
30.08
28.049999
26.48
24.870001
24.860001
24.24
24.059999
24.75
25.41
25.74
28.459999
28.809999
30.57
27.93
27.25
25.82
25.879999
27.6
27.639999
27.83
27.32
26.98
27.84
28.219999
31.110001
28.389999
28.74
27.309999
25.209999
25.549999
23.84
23.99
25.360001
24.32
25.41
26.870001
27.889999
27.540001
32.02
32.32
28.83
29.129999
28.950001
28.059999
26.959999
30.4
29.959999
27.190001
29.040001
30.799999
29.530001
28.469999
26.709999
25.48
25.68
25.219999
24.530001
24.08
24.309999
23.15
22.41
22.860001
23.049999
22.959999
23.35
23.02
22.68
21.950001
23.01
22.120001
22.360001
21.610001
22.24
23.129999
21.66
22.52
21.51
22.73
24.76
25.809999
28.41
30.620001
27.48
26.59
28.82
30.26
29.34
28.43
26.280001
25.530001
24.9
25.76
30.540001
30.84
30.709999
28.98
29.91
31.33
31.27
32.18
35.450001
33
30.24
28.629999
28.98
29.84
29.32
31.610001
35.200001
34.740002
32.509998
32.040001
32.549999
30.690001
29.129999
28.370001
27.18
26.219999
24.65
24.620001
25.450001
28.6
28.610001
28.68
26.41
25
25.74
25.57
25.040001
26.32
26.49
25.459999
25.35
25.059999
24.67
23.860001
24.5
24.5
23.219999
22.74
21.709999
21.959999
21.559999
22.15
21.889999
21.129999
22.370001
23.16
23.16
23.120001
22.07
20.92
20.639999
20.389999
20.440001
21.09
21.68
21.6
23.120001
24.42
23.540001
22.82
22.290001
21.360001
20.200001
20.889999
21.65
21.84
20.18
19.9
19.75
19.370001
20.389999
21.9
22.959999
23.26
24.91
23.290001
22.120001
22.91
23.6
23.84
23.07
23.01
23.870001
25.610001
25.23
24.23
23.129999
23.030001
22.450001
20.99
20.48
21.030001
22.26
21.51
22.57
22.43
21.530001
20.690001
20.540001
20.91
22.15
24.24
24.85
24.51
23.280001
22.360001
21.309999
20.85
22.120001
23.26
25.84
25.469999
26.17
27.370001
28.73
31.299999
33.34
44.330002
42.169998
44.259998
43.759998
49.349998
41.490002
37.259998
35.740002
36.110001
33.080002
34.080002
32.639999
32.470001
32.16
34.389999
36.18
35.529999
34.169998
32.16
36.560001
36.950001
35.32
35.09
35.610001
35.459999
34.66
32.459999
31.84
32.919998
30.02
31.67
34.77
33.59
34.57
32.669998
31.209999
31.190001
29.540001
28.879999
29.049999
31.940001
28.02
27.040001
26.459999
25.950001
25.43
24.48
24.42
23.940001
24.74
24.559999
25.91
26.459999
25.299999
26.379999
25.75
23.15
24.139999
23.85
25.870001
25.58
25.91
25.93
25.530001
25.059999
23.709999
23.34
23.690001
23.280001
23.110001
22.42
22.01
21.59
23.799999
24.200001
22.43
21.530001
22.15
22.290001
22.42
22.780001
22.84
24.040001
23.74
23.6
23.549999
23.07
23.83
23.540001
21.34
21.57
21.879999
24.99
26.879999
22.700001
21.43
25.15
26.190001
27.32
26.540001
24.67
24.040001
22.440001
21.17
21.92
22.790001
24.59
24.940001
23.959999
24.440001
23.110001
22.25
22.42
21.59
21.059999
20.950001
21.120001
20.49
20.809999
20.219999
20.77
20.57
19.889999
19.559999
18.84
19.4
18.66
18.75
18.84
18.379999
18.719999
18.440001
18.16
17.51
19.5
19.41
20.469999
20.09
19.4
20.459999
19.73
19.280001
20.35
20.190001
20.200001
19.030001
19.030001
19.799999
18.959999
20.09
20.33
20.860001
21.700001
22.139999
24.5
24.030001
22.030001
20.51
20.959999
22.57
22.59
21.309999
21.620001
22.709999
22.25
20.08
19.65
19.309999
18.57
19.42
20.110001
20.709999
19.16
19.030001
20.77
20.790001
21.58
20.26
23.370001
24.82
23.77
24.639999
26.15
24.280001
24.5
25.5
25.559999
28.780001
25.92
24.809999
26.08
27.559999
28.5
29.02
27.92
30.98
29.24
25.879999
27.16
29.780001
31.030001
27.299999
28.780001
30.34
34.169998
36.349998
34.299999
38.380001
36.82
36.73
35.419998
38.169998
42.580002
46.130001
48.459999
42.049999
38.799999
33.889999
32.77
33.68
36.950001
43.93
45.209999
43.060001
41.369999
39.060001
37.48
37.52
37.310001
35.990002
32.099998
29.950001
29.73
30.219999
30.059999
28.639999
29.540001
31.93
30.799999
33.599998
35.419998
33.639999
39.970001
39.709999
40.41
37.349998
39.630001
35.98
34.810001
37.740002
38.52
38.549999
38.060001
39.709999
40.700001
40.23
41.18
41.34
39.919998
36.150002
36.970001
41.860001
37.610001
36.970001
37.75
40.290001
42.950001
43.439999
42.580002
39.389999
36.529999
37.18
34.709999
36.27
35.130001
34.73
35.549999
34.759998
35.610001
34.43
33.369999
31.67
33.529999
32.5
31.57
31.700001
30.9
31.719999
32.599998
31.85
31.030001
31.639999
31.200001
31.9
29.76
28.23
27.66
28.15
26.93
24.75
24.219999
25.42
26.15
27.42
27.700001
28.610001
28.41
29.51
30.200001
30.639999
31.200001
30.49
29
28.16
28.67
28.290001
26.82
28.549999
30.84
28.75
27.690001
26.82
27.57
29.969999
30.83
29.620001
28.74
25.549999
25.42
25.690001
25.76
24.9
24.690001
25.48
25.09
26.01
25.799999
26
27.700001
29.08
29.190001
32.41
35.330002
34.470001
33.240002
31.5
31.66
32.450001
33.369999
33.220001
34.240002
34.310001
35.66
33.970001
34.330002
35.200001
33.939999
32.119999
31.719999
31.27
31.65
32.310001
33.060001
32.209999
31.85
29.84
30.52
31.98
31.33
31.530001
32.810001
33.849998
33.75
34.400002
32.98
31.25
32.619999
31.51
31.540001
32
29.700001
31
30.5
28.790001
29.1
28.25
30.209999
29.58
28.120001
28.440001
30.040001
28.860001
27.940001
27.23
27.129999
25.200001
25
23.42
22.85
22.379999
22.35
21.860001
21.07
21.27
20.889999
20.959999
21.33
21.559999
22.33
21.42
21.709999
21.35
21.58
21.66
20.93
20.02
20.049999
20.290001
19.790001
19.42
20.690001
21.68
21.719999
21
20.08
20.75
20.35
20.74
19.83
20.98
21.219999
20.950001
21.389999
21.440001
22.809999
21.870001
20.719999
21.040001
20.9
21.280001
20.549999
20.33
19.99
19.59
20.99
20.889999
21.25
20.469999
19.639999
19.629999
20.799999
19.4
19.73
20.32
20.049999
19.629999
19.5
18.889999
19.67
19.93
20.15
20.450001
20.200001
20.360001
20.07
19.6
18.65
18.879999
18.76
19.5
19.030001
19.58
20.77
22.860001
22.68
23.889999
21.719999
20.209999
20.309999
19.549999
18.99
18.959999
18.940001
18.85
18.379999
18.33
18.18
18.629999
19.58
20.299999
19.93
19.59
18.75
19.83
19.58
19.639999
18.690001
18.59
19.139999
20.15
20.02
20.66
19.35
18.940001
18.24
18.15
17.860001
20.030001
19.969999
21.26
22.27
22.73
22.85
23.26
22.82
21.450001
20.09
20.690001
20.139999
19.610001
19.280001
18.92
17.91
17.790001
17.959999
18.049999
17.85
18.07
17.23
17.98
18.51
18.68
18.18
17.889999
17.02
16.76
16.190001
16.700001
16.780001
17.32
17.370001
16.93
17.879999
18.530001
17.85
17.129999
17
19.360001
19.17
19.51
19.610001
19.4
18.98
17.870001
17.26
16.620001
17.030001
16.889999
16.68
16.83
17.32
17.59
17.799999
18.27
17.950001
16.98
17.42
17.450001
16.27
16.190001
16.809999
17.309999
17.4
16.77
17.49
17.860001
17.969999
18.860001
18.68
18.49
17.67
16.75
15.68
16.879999
17.459999
18.33
17.299999
17.309999
15.44
16.129999
15.63
14.87
15.05
15.78
15.44
17.059999
17.66
17.35
17.559999
17.780001
18.059999
17.99
17.709999
16.82
16.76
16.16
15.72
16.030001
15.96
15.76
15.97
16.549999
16.780001
16.76
16.049999
15.33
14.77
15.05
14.89
15.27
14.5
14.82
15.83
16.74
18.700001
20.690001
20.08
21.389999
20.940001
19.549999
19.23
19.25
22.67
21.33
20.83
19.58
18.23
17.17
16.799999
16.959999
17.25
16.549999
16.639999
15.53
16.360001
16.82
16.120001
17.98
17.709999
16.780001
15.69
16.08
16.719999
16.940001
15.98
14.56
15.22
15.17
16.540001
17.27
17.23
17.719999
17.129999
16.549999
17.67
18.17
20.200001
19.280001
20.41
18.92
19.27
20.450001
19.700001
18.93
19.25
18.74
18.82
18.42
16.299999
15.86
15.65
16.959999
16.700001
17.040001
16.9
16.700001
15.88
15.46
15.35
16.360001
15.35
15.22
15.58
15.25
15.62
15.64
14.82
14.97
15.29
16.129999
16.280001
15.73
15.57
15.45
16.75
16.469999
16.360001
16.030001
15.61
15.08
16.59
14.73
14.58
15.83
15.57
16.459999
17.1
16.940001
17.93
17.34
17.41
16.120001
15.89
16.58
16.049999
16.65
18.41
19.68
19.969999
18.860001
18.49
19.299999
19.25
19.280001
17.280001
17.549999
17.549999
17.040001
16.709999
15.81
15.76
15.22
15.02
15.58
15.85
15.39
15.05
14.38
14.64
14.31
14.41
14.23
13.78
13.89
14.67
14.66
14.43
15.29
15.98
15.3
15.08
14.94
15.09
14.84
14.14
13.67
13.11
13.45
14.19
14.1
14.66
15.52
15.27
15.69
15.63
16.559999
16.49
16.16
16.32
15.53
15.19
15.41
16.709999
16.870001
16.530001
16.049999
16.290001
16.76
16.32
15.18
14.02
14.1
14.48
13.96
13.51
13.12
13.48
14.06
13.67
13.39
13.29
13.83
13.71
12.91
12.89
12.9
13.69
13.38
13.12
13.04
13.06
13.4
13.74
13.68
13.71
13.15
12.61
12.97
12.88
12.59
12.75
12.34
12
11.71
11.64
12.16
12.4
11.79
12.61
13.29
14.23
14.45
14.09
14.09
13.51
13.93
13.68
13.94
12.86
12.82
13.15
13.21
14.11
14.46
14.75
14.36
13.84
13.57
13.56
13.63
13.02
12.06
12.12
11.97
11.75
11.67
12.02
11.99
11.82
11.86
11.76
11.5
11.91
12.12
13.2
12.94
12.51
11.78
12.5
12.1
12.91
13.07
12.5
12.6
12.5
12.72
12.97
12.98
12.99
13.22
13.81
13.67
13.67
13.98
14.28
14.89
13.88
14.01
14.68
14.47
14.1
14.38
14.76
14.11
13.76
12.96
12.65
12.46
12.83
13.44
14.6
18.049999
18.59
15.97
17.25
16.219999
16.32
15.47
15.15
15.93
16.870001
16.92
16.01
15.31
15.38
15.82
14.06
14.56
15.11
15.8
16.23
17.700001
16.870001
16.209999
14.13
14.02
13.73
13.45
13.3
13.11
12.38
12.43
13.45
13.34
12.43
12.49
13
12.43
12.83
13.07
12.4
12.12
12.02
11.96
11.36
11.64
12.53
11.67
11.31
12.13
12.32
12.78
12.31
11.78
12.1
11.92
12.41
12.33
13.92
12.29
11.41
11.37
11.44
11.13
10.9
11.09
10.79
10.94
11.21
11.05
11.28
11.25
11.03
10.58
11.73
12.23
12.03
12.01
12.57
12.92
13.29
12.78
12.56
12.94
12.98
12.99
13.89
13.76
13.88
13.85
13.89
14.05
14.18
14.12
14.2
14.41
14.18
13.63
13.37
13.72
14.18
13.2
12.94
12.65
11.89
12.48
13.26
13.17
11.93
12.46
12.96
13.91
14.39
13.88
13.47
13.46
12.98
13.23
12.44
12.62
13.21
14.58
15.63
14.82
15.61
15.7
16.27
17.190001
16.030001
15.3
15.4
15.86
16.190001
16.27
16.440001
15.3
14.88
16.299999
15.61
15.39
15.66
14.99
13.23
13.62
13.65
13.61
13.36
13.17
11.96
12.34
12.69
12.68
12.2
11.67
11.38
11.1
11.03
11.24
11.99
11.96
12.13
12.23
11.23
11.68
11.59
12.44
12.41
12.2
11.81
11.42
10.79
11.11
10.75
11.38
11.45
11.07
10.89
10.48
11.65
11.64
11.67
12.07
12.51
11.71
11.84
11.5
11.35
11.39
11.16
11.38
11.61
12.46
12.7
12.34
14.56
14.48
13.83
13.38
12.91
12.33
12.46
13.06
13.03
13.47
13.7
13.43
13.67
13.61
13.15
13.73
13.7
13.15
12.95
12.29
12.21
12.64
12.3
11.97
12.06
11.83
12.36
12.07
11.95
12.1
12.91
13.34
13.34
12.69
12.6
11.75
11.72
11.54
12.05
12.2
12.21
11.89
11.79
11.57
11.48
11.72
11.9
11.57
11.73
11.65
11.62
11.8
11.36
11.74
12.31
12.49
13.06
13.09
13
13.02
12.55
11.8
11.67
11.98
12.42
12.19
11.79
12.52
12.13
12.59
12.27
12.45
12.16
11.62
12.06
12.15
12.32
12.92
14.26
15.13
13.61
16.26
17.09
18.01
19.620001
18.26
19.870001
16.67
15.04
18.719999
18.09
16.559999
14.97
17.139999
18.559999
17.860001
20.75
18.450001
21.25
23.809999
23.49
21.139999
18.129999
18.1
17.65
16.719999
16.66
16.58
16.610001
16.549999
17
15.3
13.47
13.51
14.77
14.04
14.45
14.5
14.68
14.85
17.83
18.790001
18.76
19.58
17.620001
16.370001
17.559999
17.08
15.68
15.21
15.39
14.75
15.13
16.15
14.93
15.19
14.91
15.53
15.55
15.41
15.73
14.85
14.43
13.72
12.95
12.72
12.52
12.62
12.42
12.73
12.58
12.47
12.92
12.83
12.35
12.33
12.33
12.86
13.88
14.49
13.8
13.95
13.14
11.56
12.02
12.54
12.41
12.69
11.75
12.6
13.28
13.41
12.23
11.9
12.06
12.1
12.72
12.91
12.64
12.06
12.17
12.09
11.89
12.03
11.51
11.35
11.2
12.03
11.83
11.57
11.23
11.25
11.27
10.88
10.96
10.99
11.43
11.39
11.68
11.76
11.43
11.41
11.19
11.49
11.07
11.12
11.26
11.31
10.61
10.35
10.48
10.48
10.06
10.15
10.86
12.33
12.55
11.43
11.3
12.28
12.01
11.59
11.55
12.68
12.67
11.93
11.39
10.58
10.75
10.07
10.91
11.31
10.33
10.89
11.46
12.03
11.12
11.06
11.65
12.75
12.42
12.25
12.83
12.47
12.5
11.48
10.93
10.89
10.9
11.04
11.03
11.08
10.94
10.41
11.38
11.6
11.6
11.49
11.26
10.43
10.36
10.7
10.88
10.56
10.91
11.56
11.88
11.42
10.26
10.32
10.44
10.72
10.53
10.52
10.7
11.44
19.01
17.290001
19.4
18.629999
20.41
18.34
16.27
14.7
14.62
14.96
18.42
21.25
16.91
17.709999
15.82
15.16
13.67
12.95
13.18
14.7
13.9
15.51
16.049999
15.82
15.46
14.06
13.91
13.66
13.56
13.33
14.08
14.15
13
12.1
12.17
12.57
13.27
12.67
13.08
13.89
13.23
13.67
13.26
14.31
14.6
13.52
13.36
13.36
13.37
13.69
13.5
13.85
13.47
14.43
14.3
14.18
13.82
13.22
13.3
13.38
13.28
14.36
13.87
13.95
14.29
13.18
13.01
13.54
14.17
15.06
17.09
16.780001
15.47
16.700001
16.1
14.82
13.97
14.51
13.8
14.76
15.56
16.58
17.24
18.889999
18.98
15.71
17.129999
16.48
15.3
15.95
15.59
15.69
17.68
17.91
16.389999
15.51
15.83
15.78
17.059999
15.62
18.530001
17.09
19.09
19.459999
23.360001
24.17
23.639999
23.93
26.219999
23
25.549999
26.469999
23.74
22.950001
26.9
29.84
28.02
28.290001
31.76
37.5
31.459999
29.950001
26.719999
24.440001
23.610001
23.030001
22.83
26.57
26.02
25.58
24.07
24.809999
25.450001
25.139999
26.969999
28.82
27.209999
26.209999
25.32
26.48
27.08
26.23
20.57
20.82
19.809999
19.620001
20.459999
18.18
17.469999
18.219999
18.440001
18.889999
18.99
18.65
17.559999
17.83
17.280001
17.35
19.73
18.74
20.01
20.75
20.110001
19.559999
22.959999
23.940001
21.43
24.15
22.4
20.969999
20.24
21.15
22.09
24.15
25.17
25.459999
23.74
26.85
29.15
28.84
31.09
27.5
27.030001
29.309999
28.120001
27.18
27.35
27.77
26.42
28.950001
28.24
25.139999
24.610001
23.389999
24.49
24.59
23.030001
22.75
21.01
21.459999
23.700001
24.219999
24.040001
23.530001
24.860001
24.6
22.68
21.67
19.82
19.42
19.469999
20.51
21.049999
22.75
24.049999
23.27
24.299999
24.879999
25.6
25.950001
24.610001
24.41
23.93
24.59
24.379999
28.51
29.299999
37.57
34.419998
28.48
29.76
30.26
27.959999
28.34
28.809999
25.75
26.030001
28.49
29.309999
29.700001
28.889999
29.57
27.17
26.059999
25.639999
25.67
26.59
26.950001
25.450001
25.93
25.07
23.450001
23.01
23.790001
26.91
28.129999
27.42
25.77
27.9
29.290001
29.73
28.639999
27.25
29.620001
32.889999
35.599998
32.240002
29.950001
29.84
27.040001
26.42
26.85
25.98
25.959999
26.77
25.610001
23.65
24.15
23.309999
22.73
23.16
23.57
23.219999
23.59
24.35
23.99
22.09
21.540001
20.370001
21.120001
21.6
20.950001
20.77
20.360001
20.25
20.540001
20.809999
20.83
19.110001
19.290001
19.57
19.98
19.92
20.01
19.48
18.629999
17.98
17.84
17.92
17.889999
18.42
18.889999
19.110001
19.799999
20.950001
20.030001
19.17
18.209999
20.450001
21
21.309999
20.59
23.790001
24.469999
24.42
24.299999
23.98
23.139999
22.84
21.42
22.860001
22.610001
23.700001
23.139999
23.48
22.42
23.99
24.559999
24.26
25.57
25.959999
26.08
26.91
26.049999
25.389999
26.620001
29.440001
29.299999
30.809999
28.32
25.5
25.190001
24.58
24.08
22.08
23.610001
23.450001
24.620001
24.219999
22.309999
22.959999
23.370001
23.860001
22.99
21.66
21.459999
21.690001
20.959999
21.51
22.110001
22.299999
20.65
21.440001
22.139999
21.67
21.08
19.83
21.219999
21.27
20.67
19.66
20.709999
22.299999
22.299999
24.15
24.709999
24.059999
25.68
25.48
26.25
26.67
31.870001
33.700001
36.400002
42.16
33.080002
34.220001
36.080002
36.709999
35.189999
36.400002
48.400002
43.799999
42.380001
46.48
45.52
58.240002
54.189999
59.060001
64.919998
76.940002
71.419998
59.810001
69.470001
81.169998
74.480003
70.400002
56.369999
72.559998
79.43
89.529999
81.650002
78.980003
71.139999
69.830002
65.849998
60.77
53.68
55.619999
64.779999
63.68
62.09
64.730003
67.190002
69.989998
66.309998
69.589996
73.129997
75
81.480003
80.739998
71.349998
65.489998
62.5
56.82
68.599998
67.010002
65.370003
65.080002
66.540001
59.869999
59.57
58.91
56.439999
58.84
58.490002
56.759998
52.189999
49.84
46.009998
46.689999
45.389999
45.02
44.360001
46.240002
44.290001
41.630001
39.82
40.220001
39.330002
43.82
44.599998
43.130001
46.619999
47.080002
51.549999
55.16
51
57.360001
54.119999
51.759998
51.110001
47.93
45.93
42.25
43.029999
45.529999
49.540001
45.52
44.52
46.23
43.709999
45.450001
48.119999
46.669998
47.580002
43.02
51.18
50.290001
48.540001
52.040001
53.16
52.560001
47.23
45.330002
47.34
53.25
52.759998
48.830002
51.950001
51.950001
51.34
49.68
44.259998
43.98
43.52
44.23
44.59
42.389999
44.169998
47.630001
45.889999
44
44.200001
42.25
42.130001
46.279999
45.540001
45.599998
42.68
42.029999
43.02
42.5
40.860001
37.740002
38.91
38.5
38.060001
36.799999
35.52
39.580002
40.290001
38.189999
38.52
37.529999
39.52
39.639999
37.950001
36.709999
36.880001
36.240002
35.139999
33.700001
34.560001
32.720001
34.080002
33.290001
33.990002
33.959999
33.610001
32.91
30.32
29.16
32.77
32.709999
34.57
32.529999
33.32
31.67
30.049999
30.129999
31.790001
31.02
30.809999
31.82
29.77
29.74
28.110001
28.5
31.09
32.75
32.77
31.540001
29.32
32.049999
31.540001
30.58
29.559999
27.219999
27.18
27.379999
26.309999
28.620001
30.6
30.940001
33.049999
30.49
30.34
29.24
26.84
26.059999
26.18
25.549999
25.42
25.139999
24.139999
24.049999
23.870001
24.860001
25.610001
26.18
25.76
26.219999
26.49
26.16
25.85
26.15
24.950001
25.82
26.98
26.5
26.15
25.940001
28.389999
27.889999
28.139999
26.450001
25.059999
25.700001
25.129999
25.559999
25.889999
25.5
27.01
29.23
29.57
28.9
26.98
26.15
25.93
24.76
24.33
25.389999
24.27
23.92
24.07
24.43
25.51
23.98
23.690001
25.370001
26.34
26.4
25.280001
26.450001
28.42
29.559999
29.34
26.41
25.82
24.690001
24.540001
23.530001
24.07
22.889999
23.530001
22.6
22.459999
21.76
22.48
22.77
22.59
24.860001
25.219999
27.940001
27.190001
31.59
31.84
30.799999
28.809999
27.389999
26.17
24.24
23.530001
23.68
24.610001
24.43
23.42
23.33
22.65
24.200001
23.450001
21.98
21.870001
20.57
25.93
25.57
24.51
22.190001
22.5
22.76
22.459999
23.969999
24.200001
22.66
22.309999
21.59
21.870001
21.200001
22.860001
23.02
21.51
20.4
19.969999
19.67
20.530001
20.120001
20.440001
21.83
21.68
20.129999
19.68
19.709999
19.27
17.74
19.459999
18.719999
18.27
19.02
18.85
19.690001
22.299999
28.01
27.32
26.219999
25.690001
25.299999
25.030001
24.33
22.99
22.110001
26.32
29.219999
27.110001
26.559999
26.77
26.110001
25.540001
23.57
22.6
22.209999
21.139999
21
21.940001
21.58
22.68
20.530001
19.940001
19.360001
19.299999
19.27
18.15
17.959999
18.190001
18.6
19.34
18.530001
18.780001
18.01
17.17
16.99
17.57
18.34
17.09
17.92
18.540001
18.690001
18.280001
18.08
17.92
18.09
18.16
17.540001
17.209999
17.799999
16.65
16
16.77
16.379999
16.5
19.700001
19.549999
16.889999
16.85
18.190001
16.709999
17.530001
23.200001
23.030001
20.370001
22.389999
22.41
25.700001
27.23
40.709999
42.150002
30.889999
31.040001
26.67
26.85
33.240002
35.25
34.169998
38.419998
46.369999
48.200001
41.740002
43.740002
35.02
31.030001
33.299999
35.68
34.57
31.200001
36.119999
36.799999
37.380001
34.119999
31.77
31.790001
28.719999
27.84
26.719999
26.639999
24.879999
25.639999
27.049999
28.549999
30.27
30.41
29.9
35.389999
34.630001
37.580002
31.879999
31.15
29.559999
27.42
25.67
25.139999
24.57
25.799999
27.24
28.16
27.299999
27.4
26.629999
24.85
25.17
24.610001
23.57
24.540001
25.540001
27.32
23.24
23.059999
23.690001
23.129999
23.889999
22.870001
24.24
26.1
27.209999
26.26
28.1
24.889999
25.23
26.780001
27
25.969999
28.77
28.92
27.549999
28.110001
27.209999
27.83
25.129999
24.309999
22.780001
23.940001
23.559999
23.24
22.870001
22.049999
21.969999
22.799999
22.83
22.559999
22.58
22.59
23.190001
24.059999
22.610001
22.75
24.280001
23.450001
24.52
23.67
24.34
23.08
22.129999
22.16
21.639999
19.51
20.1
19.16
21.02
21.59
20.709999
21.35
21.200001
20.530001
19.360001
19.879999
21.01
22.370001
21.41
21.4
22.540001
21.82
22.02
18.799999
18.440001
19.35
19.389999
19.959999
19.75
21.23
20.370001
23.07
22.209999
20.309999
19.719999
20.139999
21.450001
19.610001
22.219999
23.84
23.790001
21.43
21.129999
19.280001
18.85
18.15
18.32
17.84
17.629999
17.67
17.950001
18.139999
18.27
17.639999
16.860001
16.620001
16.559999
16.860001
18.32
17.99
17.49
17.889999
18.129999
17.950001
18.24
17.950001
17.559999
18.07
18.629999
17.35
16.5
16.780001
16.709999
16.200001
17.67
18.85
18.610001
18.93
18.549999
17.42
16.889999
20.08
19.959999
18.629999
17.84
17.799999
16.74
16.540001
16.6
16.52
17.07
16.530001
16.26
16.75
16.74
17.299999
16.91
21.450001
23.219999
22.709999
20.440001
19.27
21.01
21.139999
19.27
20.33
21.77
21.059999
20.959999
22.25
21.75
22.74
25.719999
31.280001
27.540001
24.85
22.16
20.59
21.049999
18.99
18.08
19.440001
19.780001
17.889999
17.950001
17.620001
17.85
17.870001
17.15
17.77
18.33
17.049999
18.459999
17.379999
18.08
15.98
19.07
16.719999
15.39
15.23
16.059999
15.66
16.42
15.54
14.99
16.129999
17.290001
17.719999
19.110001
19.290001
18.59
16.9
17.49
17.889999
17.559999
18.25
19.09
17.68
16.559999
17.43
20.030001
18.190001
18.26
17.459999
16.27
16.5
18.48
18.719999
19.870001
18.65
18.48
18.83
18.309999
19.16
20.02
18.559999
21.66
24.65
22.389999
23.08
19.459999
18.9
21.5
21.280001
21.82
20.450001
18.83
16.77
16.290001
16.5
17.08
16.129999
17.139999
19.059999
20.129999
20.16
21.58
21.68
21.93
20.43
19.65
18.629999
17.950001
19.5
20.5
23.200001
23.99
25.940001
25.629999
24.790001
25.23
32.07
39.25
48
47.560001
44.41
42.880001
37.849998
34.830002
34.490002
33.32
45.279999
45.400002
43.580002
42.540001
37.380001
40.139999
43.84
33.810001
33.549999
32.529999
32.380001
34.740002
39.860001
34.700001
34.709999
40.740002
43.18
39.43
37.759998
33.98
32.48
35.330002
33.139999
37.32
43.869999
42.82
43.34
38.57
41.240002
42
42.990002
45.549999
46.880001
41.200001
38.740002
37.82
35.450001
34.240002
31.93
32.759998
29.959999
33.389999
34.709999
35.470001
36.869999
32.98
31.700001
32.459999
33.299999
26.459999
26.02
29.969999
37.529999
34.27
34.650002
32.560001
32.150002
30.49
36.43
35.5
30.42
32.849998
32.549999
33.509998
36.459999
33.990002
35.290001
33.389999
34.57
34.77
33.110001
32.02
28.5
27.889999
27.620001
28.309999
28.129999
29.58
30.91
29.610001
27.73
26.280001
27.549999
25.280001
25.02
25.379999
23.58
23.940001
21.33
21.209999
22.66
23.559999
23.52
23.459999
23.1
23.73
23.09
21.719999
21.780001
20.690001
21.219999
22.030001
22.43
22.25
23.440001
20.870001
19.940001
19.309999
20
19.549999
19.17
19.16
20.33
19.84
18.82
18.5
17.32
18.02
18.1
18.459999
18.719999
21.98
19.68
20.76
21.77
21.76
18.790001
18.940001
18.940001
18.969999
17.620001
19.25
18.67
18.75
18.030001
17.65
18.9
21.24
20.440001
18.459999
17.540001
16.67
16.08
16.190001
16.059999
15.24
15.43
15.95
15.31
16.58
16.389999
15.03
15.59
17.27
17.200001
15.98
16.58
16.65
17.74
17.129999
18.940001
21.059999
20.120001
19.74
19.620001
20.42
18.66
19.17
19.690001
18.049999
20.27
19.219999
17.379999
17.040001
16.469999
17.41
17.49
17.629999
17.92
19.280001
19.870001
20.91
21.59
19.879999
19.940001
21.870001
22.700001
22.690001
24.51
25.139999
24.879999
23.190001
24.620001
23.219999
22.290001
22.469999
24.139999
25.459999
26.709999
27.73
25.9
23.889999
22.48
23.1
23.559999
23.9
24.93
24.809999
23.09
21.98
18.620001
20.049999
20.48
19.370001
21.360001
20.57
20.120001
21.190001
19.709999
18.190001
16.92
18.219999
18.25
18.32
19.190001
19.17
19.51
17.82
17.32
17.459999
16.809999
16.700001
17.049999
20.49
21
20.67
18.469999
17.299999
18.08
19.09
19.18
19.25
16.450001
16.27
16.030001
16.469999
15.67
15.5
14.67
15.06
14.98
15.15
14.3
14.78
15.44
15.52
16.450001
16
16.379999
16.92
17.059999
18.049999
18.040001
18.959999
17.84
17.299999
15.6
16.280001
16.41
16.309999
16.540001
14.71
14.92
14.88
14.08
14.67
14.18
15.06
15.72
17.08
16.5
15.77
16.530001
16.5
16.02
15.33
14.78
15.46
16.4
16.790001
15.8
16.18
16.209999
15.23
15.63
15.5
17.6
17.98
19.65
18.67
18.639999
18.639999
18.84
17.790001
17.6
18.700001
18.17
19.4
18.690001
18.809999
18.15
17.379999
18.049999
18.639999
18.5
15.98
15.65
15.43
15.26
15.84
15.93
16.98
15.51
16.17
16.690001
17.370001
17.530001
16.85
16.65
16.469999
16.01
16.09
16.67
17.15
17.200001
16.43
17.459999
17.959999
19.93
18.66
19.629999
20.9
23.23
22.719999
15.93
14.92
14.31
14.53
14.29
13.93
13.88
13.79
13.85
13.99
13.76
13.7
13.53
13.32
12.67
13.5
12.99
13.91
13.88
14.33
14.43
13.38
14.75
14.21
14.08
14.41
13.2
13.42
13.13
13.19
13.32
12.89
12.85
14.68
16.209999
15.02
19.280001
18.23
16.6
15.6
16.82
16.16
13.66
13.77
13.56
13.3
12.34
12.93
12.55
11.75
11.99
13.64
15.4
13.18
14.21
13.85
14.61
13.21
13.97
13.07
14.05
13.18
14.66
14.79
15.65
14.5
13.68
12.88
12.62
13.12
17.27
14.87
17.9
18.200001
16.98
16
14.87
13.75
13.87
14.18
13.94
14.28
14.67
14.48
13.15
13.19
12.96
13.04
13.53
13.45
12.87
13.21
13.43
13.46
12.94
13.28
13.44
14.45
15.11
14.79
14.56
15.65
14.98
16.35
17.58
17.25
17.84
18.51
16.209999
15.6
17.139999
18.6
18.58
17.26
17.620001
16.950001
17.18
21.32
20.93
21.91
19.219999
18.059999
16.969999
17.690001
16.9
16.93
17.32
16.280001
15.27
14.65
14.62
14.2
14.04
14.11
14.56
14.44
13.8
13.97
13.37
13.06
13.49
13.54
13.73
13.86
14.14
13.83
13.25
12.74
12.42
12.93
13.91
13.13
13.66
13.57
13.37
13.09
14.85
14.88
15.2
15.25
16.559999
15.26
14.82
15.01
17.129999
17.110001
16.98
17.809999
17.370001
17.01
16.120001
16.809999
16.02
15.09
14.74
14.39
14.55
14.49
14.61
14.68
13.39
13.47
14.71
14.37
14.62
14.4
15.79
17.49
16.459999
16.809999
18.709999
17.870001
19.41
21.01
21.34
17.92
16.379999
17.74
18.67
17.15
14.59
13.53
13.63
13.92
14.21
13.62
13.44
13.72
13.63
14.35
14.02
13.92
13.67
13.64
13.33
14.14
13.8
12.93
13.06
13.35
12.94
12.45
13.22
13.68
13.94
13.09
12.91
12.92
12.99
12.98
13.78
14.31
15.04
15.71
15.38
14.09
14.07
14.22
15.43
16.09
15.8
16.08
16.67
16.75
14.21
13.87
13.53
12.89
12.5
12.59
13.58
14.35
14.59
14.22
14
13.28
13.24
13.26
12.9
13.65
12.9
12.4
12.66
12.93
13.42
13.12
14.66
18.139999
18.99
17.280001
18.040001
17.389999
18.99
21.48
20.07
20.719999
19.09
16.309999
15.76
15.29
14.64
15.24
14.22
14.51
15.73
15.8
14.79
14.83
14.83
14.54
14.69
14.79
16.780001
14.54
14.32
14.42
14.43
15.28
14.93
15.64
16.66
18.219999
16.4
15.47
15.95
15.62
15.17
16.07
15.05
15.28
15.63
14.86
14.16
13.56
13.35
13.7
14.55
16.01
16.200001
14.94
16.379999
17.85
17.4
17.5
15.27
14.17
14.11
13.26
13.75
14.08
14.67
15.28
14.24
14.18
13.75
13.5
14.2
13.9
14.49
13.88
14.03
12.58
12.74
12.51
13.77
13.66
13.21
13.3
12.46
12.09
11.97
11.84
11.86
11.82
11.7
12.17
12.13
12.33
12.34
11.39
11.51
11.66
11.87
12.81
12.69
12.87
12.89
11.91
10.82
11.02
11.35
12.27
12.33
12.51
12.04
11.81
11.42
11.18
10.76
11.54
12.51
12.05
13.23
12.68
11.83
12.47
11.45
15.38
13.55
13.62
12.24
12.16
12.06
12.75
13.64
13.35
14.07
17.110001
17.57
16.799999
17.139999
17.299999
17.25
17.09
15.16
14.74
13.93
13.13
14.94
12.85
12.46
12.24
13.51
12.48
11.77
11.93
11.93
12.73
12.44
13.41
12.55
12.99
13.18
13.09
13.91
14.06
13.67
14.27
14.19
14.53
14.53
12.58
12.61
13.98
14.94
14.93
16.690001
15.98
17.08
16.43
17.559999
17.98
15.43
15.77
17.459999
18.030001
19.379999
22.059999
24.639999
24.549999
31.059999
29.41
23.08
22.16
17.75
18.43
17.059999
18.059999
17.870001
15.78
16.280001
15.75
14.83
14.99
15.93
14.99
15.08
14.16
13.25
13.18
13.76
14.31
14.15
14.73
13.99
14.78
15.74
13.8
13.02
13.02
12.4
13.49
14.75
14.17
12.88
13.23
12.28
14.67
16.68
18.92
20.129999
23.059999
24.83
25.200001
24.610001
18.51
17.200001
16.879999
15.21
14.54
14.84
16.139999
16.200001
19.91
20.139999
21.290001
22.9
20.719999
18.09
18.42
20.440001
21.58
23.34
23.309999
23.43
21.370001
21.280001
19.23
17.09
17.43
18.41
20.440001
21.559999
22.18
22.809999
18.889999
18.379999
17.43
18.74
19.280001
18.360001
17.809999
16.469999
15.64
16.33
16.74
16.219999
16.290001
15.48
14.63
14.06
14.57
14.17
13.9
14.69
14.71
14.58
15.83
15.76
16.91
17.190001
16.450001
16.74
15.89
16.370001
16.290001
14.97
13.53
13.53
13.68
15.55
17.190001
15.83
14.76
15.74
16.66
15.51
15.76
14.81
14.77
14.59
13.26
14.31
14.74
13.58
13.35
15.02
13.67
13.51
13.8
12.96
13.02
13.4
14.23
14.34
15.29
13.98
13.18
14.41
16.360001
15.97
13.42
13.85
15.13
14.04
13.29
13.09
13.22
13.13
13.27
13.09
12.37
14.63
14.41
13.99
14.43
14.86
15.05
14.2
15.49
15.65
15.5
15.74
14.37
13.22
14.02
15.57
15.62
15.49
14.03
14
13.46
12.68
13.33
14.16
14.91
19.5
19.799999
17.26
17.48
18.950001
19.200001
19.76
20.049999
18.17
15.36
13.95
13.97
12.61
12.22
12.37
12.79
12.83
13.08
14.73
16.27
15.62
13.59
13.42
12.63
13.55
13.22
12.72
14.25
14.58
12.78
14.33
16.280001
14.33
13.87
14.52
13.94
15.96
19.24
28.379999
53.290001
38.060001
35.619999
29.9
29.200001
29.370001
33.82
30.450001
26.309999
29.469999
26.25
26.82
27.219999
25.809999
25.32
23.77
22.940001
23.33
23.99
22.48
26.290001
23.200001
25.299999
24.290001
28.33
28.200001
25.879999
25.23
24.469999
20.42
20.32
19.73
19.02
18.200001
17.809999
17.700001
18.780001
17.85
16.860001
16.23
16.34
16.700001
15.92
15.12
15.43
15.99
15.73
15.46
15.39
15.51
14.73
15.88
16.389999
16
17.09
16.959999
16.15
18.5
20.67
20.549999
19.59
19.450001
18.26
16.379999
16.74
17.209999
15.89
16.09
16.57
16.34
16.49
19.35
17.65
17.18
18.33
20.129999
19.719999
25.27
26.809999
21.620001
20.24
19.049999
23.299999
20.209999
18.219999
16.25
15.88
18.129999
16.48
17.42
20.389999
23.360001
21.059999
21.860001
25.860001
27.08
27.389999
23.93
26.110001
26.280001
30.950001
27.59
32.09
28.43
24.549999
24.309999
24.02
27.219999
23.809999
21.74
23.66
22.42
27.700001
23.139999
24.110001
27.719999
28.309999
26.6
30.9
27.57
25.52
24.16
22.530001
23.440001
20.35
21.16
22.870001
21.26
20.129999
20.809999
20.17
18.41
17.559999
17.35
18.040001
18.889999
19.110001
19.59
17.27
17.67
17.85
16.33
15.38
14.36
14.73
14.76
15.03
16.440001
16.040001
15.89
13.89
14.28
15.28
14.24
15.72
15.98
16.77
15.93
16.26
16.57
14.53
14.12
14.19
14.94
13.88
13.5
14.14
14.19
14.76
14.43
14.95
15.61
17.09
16.5
16.42
16.85
16.450001
16.58
15.39
14.35
14.69
15.42
15.47
15.98
16.120001
16.469999
17.65
16.299999
16.469999
16.059999
14.33
14.11
13.76
15
15.25
14.92
14.66
14.27
14.05
14.27
14.85
17.33
21.01
22.16
20.450001
22.889999
20.030001
18.549999
18.959999
21.219999
19.790001
26.24
26.719999
22.07
18.27
16.99
15.86
16.620001
17.040001
15.98
14.75
13.67
13.93
13.79
13.37
13.22
13.12
12.83
11.97
13.06
12.88
13.72
13.5
13.74
13.52
12.9
12.98
14.24
13.91
12.98
12.26
11.78
11.92
12.5
12.11
12
12.17
12.78
13.71
12.53
12.28
13.02
12.44
14.01
14.09
14.93
14.43
13.6
14.34
14.61
13.9
12.93
12.45
12.6
17.540001
20.51
18.969999
18.139999
18.07
17.1
15.96
16.09
15.65
13.39
12.58
14.63
14.76
13.57
15.69
15.2
14.42
14.57
13.68
13.84
14.15
14.36
16.469999
16.34
17.950001
16.5
17.110001
15.85
15.68
14.72
14.53
13.26
13.86
14.8
15.43
17.35
17.629999
20.43
19.82
22.57
23.01
19.860001
19.91
21.48
16.299999
16
15.56
14.65
14.49
13.55
13.74
13.44
12.83
13.01
12.74
13.5
13.55
13.42
14.72
14.48
13.77
12.3
12.24
13.4
12.72
12.78
13.42
13.39
13.24
12.95
12.52
11.75
11.49
11.67
11.81
12.33
13.04
13.71
14.68
14.07
12.8
12.09
11.74
12.08
11.79
12.23
12.6
11.62
12.75
12.81
13.28
12.59
12.62
11.89
11.05
11.01
10.82
12.9
12.99
12.05
12.47
11.84
11.84
11.67
11.82
11.53
10.95
11.4
11.34
12.01
12.86
12.26
12.09
12.07
12.46
12.59
12.14
12.96
12.58
12.71
11.97
11.72
11.58
11.86
12.43
12.09
12.23
12.54
12.25
11.55
11.38
11.72
12.85
13.16
13.17
14.16
15.11
12.67
11.7
11.64
12.54
13.59
13.07
12.89
13.22
13.43
14.11
15.88
16.16
16.219999
16.280001
15.5
15.15
14.81
15.33
12.01
11.15
10.89
11.08
11.16
11.04
10.59
11.15
11.24
10.98
10.55
10.14
10.24
11.23
10.87
10.88
10.67
15.59
16.299999
14.23
12.52
11
10.9
10.29
10.48
10.84
11.3
10.54
10.3
10.28
10.77
10.93
10.53
12.11
12.37
11.14
11.26
12.01
11.35
10.6
11.15
11.4
11.01
10.69
10.44
11.31
11.49
15.16
11.85
11.45
12.03
13.05
12.57
11.73
12.14
10.85
10.4
10.14
10.03
10.35
9.94
10.28
9.98
9.97
9.52
9.66
11.5
11.3
10.84
10.56
10.81
10.6
10.5
10.32
11.52
12.63
16.17
17.280001
14.05
12.37
12.54
15.77
16.040001
14.74
12.94
12.59
12.83
12.45
12.11
14.34
11.98
11.22
10.46
14.06
12.59
12.07
12.6
11.39
10.95
10.86
11.04
10.74
10.42
10.3
10.67
10.21
10.2
11.21
10.68
10.42
10.13
9.83
10.04
9.75
9.88
9.62
10.27
10.53
10.66
10.38
10.33
9.98
10.02
10.46
10.41
11.77
10.04
11.08
11.16
13.2
11.81
11.12
10.89
10.37
10.49
10.89
9.91
9.74
10.31
10.27
12.19
11.58
12.18
12.61
14.51
12.52
12.01
12.08
10.78
9.88
9.96
10.26
10.31
10.93
12.05
14.58
11.86
11.67
11.68
11.32
10.06
10.08
9.92
10.21
10.54
10.2
9.89
10.15
9.85
9.86
10.18
10.46
10.79
10.44
11.06
11.07
9.65
9.31
9.54
9.89
10.09
10.85
10.02
10.31
12.41
12.81
12.4
12.33
11.62
11.57
12.19
12.01
11.6
13.84
15.42
14.44
14.3
17.860001
38.799999
50.299999
31.639999
36.169998
41.060001
29.700001
27.82
25.719999
20.66
20.99
21.610001
21.040001
20.610001
18.799999
16.940001
18.98
20.440001
25.299999
26.219999
21.57
19.639999
20.49
17.68
16.75
16.35
16.98
17.59
17.41
16.719999
21.870001
19.309999
18.370001
23.809999
26.01
24.540001
24.059999
24.940001
23.049999
25.719999
23.379999
24.51
20.209999
23.120001
22.02
21.68
21.66
19.92
18.450001
17.66
16.27
16.9
16.92
17.5
17.559999
19.66
19.84
18.120001
16.77
16.35
16.82
15.97
18.66
16.92
15.27
15.56
14.63
13.63
13.44
13.28
15.01
14.91
13.86
13.87
13.59
13.42
14.6
14.24
13.52
18.780001
16.639999
16.290001
14.93
13.91
13.34
12.56
13.28
13.31
12.69
12.6
12.95
13.07
13.16
13.74
14.68
13.02
15.18
14.6
19.610001
17.540001
18.190001
18.99
16.51
18.08
16.450001
16.219999
15.45
13.22
13.21
14.15
13.33
12.97
12.97
13.18
12.47
13.09
13.58
13.55
13.21
12.82
12.53
14.26
14.46
14.12
13.63
14.53
12.46
12.15
11.24
11.18
11.31
13.82
15.02
14.22
16.860001
14.36
13.96
12.79
12.89
13.29
12.68
12.17
12.48
12.5
12.55
13.95
14.03
14.35
14.3
15.41
15.63
15.2
14.92
13.86
12.91
13.15
13.75
13.48
12.77
11.96
12.03
12.92
12.6
13.13
13
13.22
12.4
12.69
12.14
15.84
17.360001
18.379999
17.49
22.959999
28.84
26.799999
22.889999
20.559999
19.549999
21.57
21.08
20.889999
24.66
26.379999
24.780001
27.52
27.860001
25.549999
22.799999
21.209999
21.610001
20.870001
20.6
18.049999
17.200001
18.41
20.709999
21.25
22.360001
22.969999
21.360001
20.99
23.809999
22.309999
22.65
20.799999
19.93
19.379999
20.48
19.91
17.280001
21.940001
25.940001
24.709999
25.940001
23.6
21.91
21.57
22.469999
25.879999
26.139999
26.639999
30.299999
31.35
36.099998
36.200001
33.799999
31.049999
27.639999
28.530001
26.6
24.48
22.709999
22.030001
22.799999
21.32
20.16
20.27
19.200001
19.040001
19.719999
18.18
21.15
22.02
20.25
18.459999
20.42
19.93
19.309999
17.719999
16.83
16.73
15.94
15.87
17.889999
17.629999
16.5
15.65
15.91
17.27
16.82
16.16
15.19
15.17
14.47
14.9
15.28
16.17
15.24
14.84
16.98
15.39
16.110001
17.809999
18.33
16.43
14.7
14.05
13.84
13.28
13.8
13.77
14.3
14.56
17.52
17.85
16.299999
16.709999
15.62
14.43
14.01
13.68
14.27
14.03
13.47
13.77
14.39
14.29
13.58
12.96
13.14
12.47
13.02
13.12
13.36
12.69
13.23
14.3
13.62
13.27
14.05
14.83
15.92
14.15
18.799999
21.84
21.74
23.379999
20.190001
21.32
19.65
19.15
17.129999
16.809999
17.629999
16.219999
15.44
18.049999
16.52
17.700001
19.040001
18.110001
19.719999
19.75
18.74
17.49
16.540001
16.440001
16.469999
16.700001
16.43
16.209999
16.4
15.76
15.54
15.71
16.030001
15.48
15.56
16.68
16.6
16.4
16.129999
14.64
14.3
13.19
14.47
14.44
14.71
14.69
13.33
12.82
13.02
13.14
13.97
14.5
14.45
14.7
13.52
13.1
13.54
12.72
13.17
14.18
16.549999
19.459999
20.110001
24.809999
22.870001
23.67
19.889999
19.440001
21.26
21.639999
22.709999
24.1
20.5
18.219999
17.700001
17.040001
17.68
21.07
21.33
21.040001
21.639999
19.200001
19.18
21.15
18.83
17.049999
16.059999
16.129999
16.52
15.52
14.94
14.31
15.29
15.03
15.8
14.66
15.84
16
17.620001
18.450001
17.09
18.690001
17.35
18.620001
21.459999
21.440001
19.969999
18.52
20.379999
20
19.799999
17.440001
16.5
14.43
14.26
14.18
15.16
14.63
14.61
15.12
14.34
13.79
13.14
13.52
13.37
13.95